,Buy,Currency Code,Currency Name,Sell,Transfer,date,branchID
0,"16,383.00",AUD,AUST.DOLLAR,"16,703.00","16,482.00",2019-01-09,15
1,"17,256.00",CAD,CANADIAN DOLLAR,"17,644.00","17,413.00",2019-01-09,15
2,"23,323.00",CHF,SWISS FRANCE,"23,832.00","23,487.00",2019-01-09,15
3,,DKK,DANISH KRONE,"3,633.00","3,493.00",2019-01-09,15
4,"26,376.00",EUR,EURO,"27,158.00","26,456.00",2019-01-09,15
5,"29,232.00",GBP,BRITISH POUND,"29,740.00","29,438.00",2019-01-09,15
6,"2,901.00",HKD,HONGKONG DOLLAR,"2,996.00","2,922.00",2019-01-09,15
7,,INR,INDIAN RUPEE,356.00,313.00,2019-01-09,15
8,200.00,JPY,JAPANESE YEN,220.00,201.00,2019-01-09,15
9,,KRW,SOUTH KOREAN WON,25.00,16.00,2019-01-09,15
10,,KWD,KUWAITI DINAR,"79,368.00","76,341.00",2019-01-09,15
11,,MYR,MALAYSIAN RINGGIT,"5,696.00","5,593.00",2019-01-09,15
12,,NOK,NORWEGIAN KRONER,"2,780.00","2,665.00",2019-01-09,15
13,,SEK,SWEDISH KRONA,"2,654.00","2,559.00",2019-01-09,15
14,"16,872.00",SGD,SINGAPORE DOLLAR,"17,217.00","16,991.00",2019-01-09,15
15,704.00,THB,THAI BAHT,745.00,704.00,2019-01-09,15
16,"23,145.00",USD,US DOLLAR,"23,245.00","23,155.00",2019-01-09,15
0,"16,376.25",AUD,AUST.DOLLAR,"16,685.46","16,480.25",2019-01-09,61
1,"17,240.90",CAD,CANADIAN DOLLAR,"17,617.98","17,402.70",2019-01-09,61
2,"23,315.80",CHF,SWISS FRANCE,"23,814.63","23,485.34",2019-01-09,61
3,,DEM,DEUTSCHE MARK,"7,631.17","7,525.08",2019-01-09,61
4,,DKK,DANISH KRONE,"3,615.52","3,505.64",2019-01-09,61
5,"26,351.21",EUR,EURO,"27,121.43","26,435.58",2019-01-09,61
6,,FRF,FRENCH FRANC,"2,275.34","2,243.71",2019-01-09,61
7,"29,178.85",GBP,BRITISH POUND,"29,676.51","29,389.72",2019-01-09,61
8,"2,913.12",HKD,HONGKONG DOLLAR,"2,985.67","2,933.68",2019-01-09,61
9,,INR,INDIAN RUPEE,343.11,330.15,2019-01-09,61
10,201.93,JPY,JAPANESE YEN,214.24,208.52,2019-01-09,61
11,19.06,KRW,SOUTH KOREAN WON,21.22,20.08,2019-01-09,61
12,,KWD,KUWAITI DINAR,"55,957.50","54,832.30",2019-01-09,61
13,,MYR,MALAYSIAN RINGGIT,"5,679.91","5,607.32",2019-01-09,61
14,,NOK,NORWEGIAN KRONER,"2,762.94","2,678.97",2019-01-09,61
15,,SEK,SWEDISH KRONA,"2,636.10","2,571.37",2019-01-09,61
16,"16,856.39",SGD,SINGAPORE DOLLAR,"17,191.06","16,980.39",2019-01-09,61
17,710.26,THB,THAI BAHT,739.88,710.26,2019-01-09,61
18,"23,125.00",USD,US DOLLAR,"23,245.00","23,155.00",2019-01-09,61
0,"16,388.54",AUD,AUST.DOLLAR,"16,725.00","16,502.56",2019-01-09,84
1,"17,261.33",CAD,CANADIAN DOLLAR,"17,628.00","17,376.00",2019-01-09,84
2,"23,323.19",CHF,SWISS FRANCE,"23,817.00","23,465.00",2019-01-09,84
3,,DKK,DANISH KRONE,"3,618.24","3,491.00",2019-01-09,84
4,"26,311.00",EUR,EURO,"27,137.74","26,443.00",2019-01-09,84
5,,FRF,FRENCH FRANC,,"101,201.05",2019-01-09,84
6,"29,210.00",GBP,BRITISH POUND,"29,720.44","29,377.00",2019-01-09,84
7,"2,916.94",HKD,HONGKONG DOLLAR,"2,985.00","2,936.00",2019-01-09,84
8,205.81,JPY,JAPANESE YEN,215.19,207.89,2019-01-09,84
9,18.47,KRW,SOUTH KOREAN WON,21.58,19.65,2019-01-09,84
10,,NLG,DUTCH GUILDE,,"33,998.84",2019-01-09,84
11,,NOK,NORWEGIAN KRONER,"2,764.79","2,665.00",2019-01-09,84
12,,SEK,SWEDISH KRONA,"2,643.00","2,552.00",2019-01-09,84
13,"16,892.59",SGD,SINGAPORE DOLLAR,"17,215.00","16,994.00",2019-01-09,84
14,645.00,THB,THAI BAHT,741.00,709.00,2019-01-09,84
15,"23,155.00",USD,US DOLLAR,"23,245.00","23,155.00",2019-01-09,84
0,"16,403.54",AUD,AUST.DOLLAR,"16,682.79","16,502.56",2019-01-09,73
1,"17,276.33",CAD,CANADIAN DOLLAR,"17,623.63","17,433.23",2019-01-09,73
2,"23,343.19",CHF,SWISS FRANCE,"23,812.05","23,507.74",2019-01-09,73
3,,DKK,DANISH KRONE,"3,618.24","3,508.28",2019-01-09,73
4,"26,396.94",EUR,EURO,"27,137.74","26,476.37",2019-01-09,73
5,"29,252.01",GBP,BRITISH POUND,"29,720.44","29,458.22",2019-01-09,73
6,"2,916.94",HKD,HONGKONG DOLLAR,"2,981.48","2,937.50",2019-01-09,73
7,,INR,INDIAN RUPEE,340.94,328.07,2019-01-09,73
8,205.81,JPY,JAPANESE YEN,214.34,207.89,2019-01-09,73
9,19.38,KRW,SOUTH KOREAN WON,21.04,20.40,2019-01-09,73
10,,KWD,KUWAITI DINAR,"79,352.73","76,356.69",2019-01-09,73
11,,MYR,MALAYSIAN RINGGIT,"5,681.29","5,608.68",2019-01-09,73
12,,NOK,NORWEGIAN KRONER,"2,764.79","2,680.76",2019-01-09,73
13,,SEK,SWEDISH KRONA,"2,639.12","2,574.32",2019-01-09,73
14,"16,892.59",SGD,SINGAPORE DOLLAR,"17,197.46","17,011.67",2019-01-09,73
15,710.03,THB,THAI BAHT,739.65,710.03,2019-01-09,73
16,"23,155.00",USD,US DOLLAR,"23,245.00","23,155.00",2019-01-09,73
0,"16,393.54",AUD,AUST.DOLLAR,"16,687.79","16,497.56",2019-01-09,105
1,"17,266.33",CAD,CANADIAN DOLLAR,"17,628.63","17,428.23",2019-01-09,105
2,"23,333.19",CHF,SWISS FRANCE,"23,817.05","23,502.74",2019-01-09,105
3,,DKK,DANISH KRONE,"3,618.24","3,508.28",2019-01-09,105
4,"26,386.94",EUR,EURO,"27,142.74","26,471.37",2019-01-09,105
5,"29,242.01",GBP,BRITISH POUND,"29,725.44","29,453.22",2019-01-09,105
6,"2,906.94",HKD,HONGKONG DOLLAR,"2,986.48","2,932.50",2019-01-09,105
7,,INR,INDIAN RUPEE,340.94,328.07,2019-01-09,105
8,203.81,JPY,JAPANESE YEN,216.34,205.89,2019-01-09,105
9,19.38,KRW,SOUTH KOREAN WON,21.04,20.40,2019-01-09,105
10,,KWD,KUWAITI DINAR,"78,809.74","75,832.98",2019-01-09,105
11,,MYR,MALAYSIAN RINGGIT,"5,892.68","5,817.28",2019-01-09,105
12,,NOK,NORWEGIAN KRONER,"2,764.79","2,680.76",2019-01-09,105
13,,SEK,SWEDISH KRONA,"2,639.12","2,574.32",2019-01-09,105
14,"16,882.59",SGD,SINGAPORE DOLLAR,"17,202.46","17,006.67",2019-01-09,105
15,690.03,THB,THAI BAHT,744.65,705.03,2019-01-09,105
16,"23,155.00",USD,US DOLLAR,"23,245.00","23,155.00",2019-01-09,105
0,,ATS,SCHILING AUSTRIA,969.13,955.69,2019-01-09,64
1,"16,403.54",AUD,AUST.DOLLAR,"16,682.79","16,502.56",2019-01-09,64
2,"17,276.33",CAD,CANADIAN DOLLAR,"17,623.63","17,433.23",2019-01-09,64
3,"23,343.19",CHF,SWISS FRANCE,"23,812.05","23,507.74",2019-01-09,64
4,,DKK,DANISH KRONE,"3,618.24","3,508.28",2019-01-09,64
5,"26,396.94",EUR,EURO,"27,137.74","26,476.37",2019-01-09,64
6,"1,990.77",FRF,FRENCH FRANC,"2,033.00","2,004.80",2019-01-09,64
7,"29,252.01",GBP,BRITISH POUND,"29,720.44","29,458.22",2019-01-09,64
8,"2,916.94",HKD,HONGKONG DOLLAR,"2,981.48","2,937.50",2019-01-09,64
9,,INR,INDIAN RUPEE,340.94,328.07,2019-01-09,64
10,205.81,JPY,JAPANESE YEN,214.34,207.89,2019-01-09,64
11,19.38,KRW,SOUTH KOREAN WON,21.04,20.40,2019-01-09,64
12,,KWD,KUWAITI DINAR,"79,352.73","76,356.69",2019-01-09,64
13,,MYR,MALAYSIAN RINGGIT,"5,681.29","5,608.68",2019-01-09,64
14,,NOK,NORWEGIAN KRONER,"2,764.79","2,680.76",2019-01-09,64
15,,SEK,SWEDISH KRONA,"2,639.12","2,574.32",2019-01-09,64
16,"16,892.59",SGD,SINGAPORE DOLLAR,"17,197.46","17,011.67",2019-01-09,64
17,710.03,THB,THAI BAHT,739.65,710.03,2019-01-09,64
18,"23,155.00",USD,US DOLLAR,"23,245.00","23,155.00",2019-01-09,64
0,"16,280.61",AUD,AUST.DOLLAR,"16,679.46","16,379.49",2019-01-09,89
1,"17,102.25",CAD,CANADIAN DOLLAR,"17,568.06","17,258.48",2019-01-09,89
2,"23,267.02",CHF,SWISS FRANCE,"23,856.36","23,431.74",2019-01-09,89
3,,DKK,DANISH KRONE,"3,618.47","3,458.49",2019-01-09,89
4,"26,303.85",EUR,EURO,"27,164.84","26,383.30",2019-01-09,89
5,"29,204.76",GBP,BRITISH POUND,"29,794.04","29,411.34",2019-01-09,89
6,"2,898.01",HKD,HONGKONG DOLLAR,"2,987.58","2,918.58",2019-01-09,89
7,,INR,INDIAN RUPEE,344.68,331.66,2019-01-09,89
8,201.99,JPY,JAPANESE YEN,219.30,204.08,2019-01-09,89
9,19.41,KRW,SOUTH KOREAN WON,21.07,20.43,2019-01-09,89
10,,KWD,KUWAITI DINAR,"79,431.35","76,432.34",2019-01-09,89
11,,MYR,MALAYSIAN RINGGIT,"5,681.29","5,608.68",2019-01-09,89
12,,NOK,NORWEGIAN KRONER,"2,760.03","2,626.14",2019-01-09,89
13,,SEK,SWEDISH KRONA,"2,639.45","2,524.63",2019-01-09,89
14,"16,795.08",SGD,SINGAPORE DOLLAR,"17,219.99","16,914.18",2019-01-09,89
15,671.37,THB,THAI BAHT,751.04,671.37,2019-01-09,89
16,"23,155.00",USD,US DOLLAR,"23,255.00","23,155.00",2019-01-09,89
0,"16,403.54",AUD,AUST.DOLLAR,"16,682.79","16,502.56",2019-01-09,35
1,"17,276.33",CAD,CANADIAN DOLLAR,"17,623.63","17,433.23",2019-01-09,35
2,"23,343.19",CHF,SWISS FRANCE,"23,812.05","23,507.74",2019-01-09,35
3,,DKK,DANISH KRONE,"3,618.24","3,508.28",2019-01-09,35
4,"26,396.94",EUR,EURO,"27,137.74","26,476.37",2019-01-09,35
5,"29,252.01",GBP,BRITISH POUND,"29,720.44","29,458.22",2019-01-09,35
6,"2,916.94",HKD,HONGKONG DOLLAR,"2,981.48","2,937.50",2019-01-09,35
7,,INR,INDIAN RUPEE,340.94,328.07,2019-01-09,35
8,205.81,JPY,JAPANESE YEN,214.34,207.89,2019-01-09,35
9,19.38,KRW,SOUTH KOREAN WON,21.04,20.40,2019-01-09,35
10,,KWD,KUWAITI DINAR,"79,352.73","76,356.69",2019-01-09,35
11,,MYR,MALAYSIAN RINGGIT,"5,681.29","5,608.68",2019-01-09,35
12,,NOK,NORWEGIAN KRONER,"2,764.79","2,680.76",2019-01-09,35
13,,SAR,SAUDI RIAL,"5,802.97","5,459.76",2019-01-09,35
14,,SEK,SWEDISH KRONA,"2,639.12","2,574.32",2019-01-09,35
15,"16,892.59",SGD,SINGAPORE DOLLAR,"17,197.46","17,011.67",2019-01-09,35
16,710.03,THB,THAI BAHT,739.65,710.03,2019-01-09,35
17,"23,155.00",USD,US DOLLAR,"23,245.00","23,155.00",2019-01-09,35
0,"16,421.89",AUD,AUST.DOLLAR,"16,725.00","16,520.00",2019-01-09,50
1,"17,281.55",CAD,CANADIAN DOLLAR,"17,628.95","17,376.00",2019-01-09,50
2,"23,345.57",CHF,SWISS FRANCE,"23,817.00","23,465.00",2019-01-09,50
3,,DKK,DANISH KRONE,"3,618.00","3,491.00",2019-01-09,50
4,"26,311.00",EUR,EURO,"27,125.90","26,443.00",2019-01-09,50
5,"2,038.00",FRF,FRENCH FRANC,"2,058.00","2,044.00",2019-01-09,50
6,"29,215.31",GBP,BRITISH POUND,"29,713.00","29,377.00",2019-01-09,50
7,"2,916.90",HKD,HONGKONG DOLLAR,"2,985.00","2,936.00",2019-01-09,50
8,,INR,INDIAN RUPEE,329.00,313.00,2019-01-09,50
9,206.91,JPY,JAPANESE YEN,215.19,209.00,2019-01-09,50
10,18.47,KRW,SOUTH KOREAN WON,21.58,19.65,2019-01-09,50
11,,NOK,NORWEGIAN KRONER,"2,765.14","2,665.00",2019-01-09,50
12,,SEK,SWEDISH KRONA,"2,643.00","2,552.00",2019-01-09,50
13,"16,890.10",SGD,SINGAPORE DOLLAR,"17,215.00","16,994.00",2019-01-09,50
14,645.00,THB,THAI BAHT,741.00,709.00,2019-01-09,50
15,"23,125.00",USD,US DOLLAR,"23,245.00","23,155.00",2019-01-09,50
0,"16,401.25",AUD,AUST.DOLLAR,"16,680.46","16,500.25",2019-01-09,24
1,"17,265.90",CAD,CANADIAN DOLLAR,"17,612.98","17,422.70",2019-01-09,24
2,"23,340.80",CHF,SWISS FRANCE,"23,809.63","23,505.34",2019-01-09,24
3,,DKK,DANISH KRONE,"3,615.52","3,505.64",2019-01-09,24
4,"26,376.21",EUR,EURO,"27,116.43","26,455.58",2019-01-09,24
5,"29,203.85",GBP,BRITISH POUND,"29,671.51","29,409.72",2019-01-09,24
6,"2,917.12",HKD,HONGKONG DOLLAR,"2,981.67","2,937.68",2019-01-09,24
7,,INR,INDIAN RUPEE,347.87,333.93,2019-01-09,24
8,206.93,JPY,JAPANESE YEN,214.24,209.02,2019-01-09,24
9,19.31,KRW,SOUTH KOREAN WON,20.97,20.33,2019-01-09,24
10,,KWD,KUWAITI DINAR,"74,808.95","72,532.76",2019-01-09,24
11,,MYR,MALAYSIAN RINGGIT,"5,231.29","5,164.26",2019-01-09,24
12,,NOK,NORWEGIAN KRONER,"2,762.94","2,678.97",2019-01-09,24
13,,SEK,SWEDISH KRONA,"2,636.10","2,571.37",2019-01-09,24
14,"16,881.39",SGD,SINGAPORE DOLLAR,"17,186.06","17,000.39",2019-01-09,24
15,710.26,THB,THAI BAHT,739.88,710.26,2019-01-09,24
16,"23,135.00",USD,US DOLLAR,"23,255.00","23,155.00",2019-01-09,24
0,,ATS,SCHILING AUSTRIA,988.00,942.00,2019-01-09,48
1,"16,393.54",AUD,AUST.DOLLAR,"16,692.79","16,492.56",2019-01-09,48
2,,BEF,BELGIAN FRANCE,337.00,321.00,2019-01-09,48
3,"17,266.33",CAD,CANADIAN DOLLAR,"17,633.63","17,423.23",2019-01-09,48
4,"23,333.19",CHF,SWISS FRANCE,"23,822.05","23,497.74",2019-01-09,48
5,"6,560.35",DEM,DEUTSCHE MARK,"6,699.56","6,606.60",2019-01-09,48
6,,DKK,DANISH KRONE,"3,621.24","3,505.28",2019-01-09,48
7,"26,386.94",EUR,EURO,"27,147.74","26,466.37",2019-01-09,48
8,,FIM,FINNISH MARK,"2,287.00","2,200.00",2019-01-09,48
9,"1,956.06",FRF,FRENCH FRANC,"1,997.57","1,969.85",2019-01-09,48
10,"29,252.01",GBP,BRITISH POUND,"29,730.44","29,448.22",2019-01-09,48
11,"2,913.94",HKD,HONGKONG DOLLAR,"2,984.48","2,934.50",2019-01-09,48
12,,INR,INDIAN RUPEE,361.89,344.29,2019-01-09,48
13,,ITL,ITALIAN LIRA,7.02,6.69,2019-01-09,48
14,204.81,JPY,JAPANESE YEN,215.34,206.89,2019-01-09,48
15,19.08,KRW,SOUTH KOREAN WON,21.34,20.10,2019-01-09,48
16,,KWD,KUWAITI DINAR,"62,850.73","60,929.17",2019-01-09,48
17,,MYR,MALAYSIAN RINGGIT,"5,036.17","4,901.77",2019-01-09,48
18,,NLG,DUTCH GUILDE,"6,171.00","5,937.00",2019-01-09,48
19,,NOK,NORWEGIAN KRONER,"2,767.79","2,677.76",2019-01-09,48
20,,SEK,SWEDISH KRONA,"2,642.12","2,571.32",2019-01-09,48
21,"16,884.59",SGD,SINGAPORE DOLLAR,"17,205.46","17,003.67",2019-01-09,48
22,705.52,THB,THAI BAHT,745.10,706.52,2019-01-09,48
23,"23,135.00",USD,US DOLLAR,"23,245.00","23,145.00",2019-01-09,48
0,"16,263.54",AUD,AUST.DOLLAR,"16,689.79","16,452.56",2019-01-09,5
1,"17,136.33",CAD,CANADIAN DOLLAR,"17,630.63","17,383.23",2019-01-09,5
2,"23,203.19",CHF,SWISS FRANCE,"23,819.05","23,457.74",2019-01-09,5
3,,DKK,DANISH KRONE,"3,622.24","3,473.28",2019-01-09,5
4,"26,336.94",EUR,EURO,"27,144.74","26,416.37",2019-01-09,5
5,"29,102.01",GBP,BRITISH POUND,"29,727.44","29,398.22",2019-01-09,5
6,"2,881.94",HKD,HONGKONG DOLLAR,"2,985.48","2,902.50",2019-01-09,5
7,204.81,JPY,JAPANESE YEN,215.34,206.89,2019-01-09,5
8,19.38,KRW,SOUTH KOREAN WON,22.04,19.40,2019-01-09,5
9,,KWD,KUWAITI DINAR,"56,002.94","54,880.26",2019-01-09,5
10,,NOK,NORWEGIAN KRONER,"2,768.79","2,645.76",2019-01-09,5
11,,SEK,SWEDISH KRONA,"2,643.12","2,539.32",2019-01-09,5
12,"16,752.59",SGD,SINGAPORE DOLLAR,"17,204.46","16,961.67",2019-01-09,5
13,700.03,THB,THAI BAHT,742.65,700.03,2019-01-09,5
14,"23,145.00",USD,US DOLLAR,"23,245.00","23,155.00",2019-01-09,5
0,"16,381.00",AUD,AUST.DOLLAR,"16,743.00","16,485.25",2019-01-09,28
1,"17,216.00",CAD,CANADIAN DOLLAR,"17,656.00","17,354.00",2019-01-09,28
2,"23,311.00",CHF,SWISS FRANCE,"23,837.00","23,455.00",2019-01-09,28
3,,DEM,DEUTSCHE MARK,,"30,174.55",2019-01-09,28
4,,DKK,DANISH KRONE,"3,630.00","3,482.00",2019-01-09,28
5,"26,312.00",EUR,EURO,"27,116.43","26,454.00",2019-01-09,28
6,,FRF,FRENCH FRANC,,"101,201.05",2019-01-09,28
7,"29,184.00",GBP,BRITISH POUND,"29,736.00","29,380.00",2019-01-09,28
8,"2,902.00",HKD,HONGKONG DOLLAR,"2,991.00","2,927.00",2019-01-09,28
9,206.00,JPY,JAPANESE YEN,215.29,209.02,2019-01-09,28
10,,KRW,SOUTH KOREAN WON,21.59,19.66,2019-01-09,28
11,,NLG,DUTCH GUILDE,,"33,998.84",2019-01-09,28
12,,NOK,NORWEGIAN KRONER,"2,764.00","2,657.00",2019-01-09,28
13,,SEK,SWEDISH KRONA,"2,654.00","2,543.00",2019-01-09,28
14,"16,861.00",SGD,SINGAPORE DOLLAR,"17,232.00","16,985.39",2019-01-09,28
15,641.00,THB,THAI BAHT,745.00,707.00,2019-01-09,28
16,"23,155.00",USD,US DOLLAR,"23,245.00","23,155.00",2019-01-09,28
0,"16,386.25",AUD,AUST.DOLLAR,"16,733.00","16,500.25",2019-01-09,104
1,"17,250.90",CAD,CANADIAN DOLLAR,"17,636.00","17,384.00",2019-01-09,104
2,"23,320.80",CHF,SWISS FRANCE,"23,827.00","23,475.00",2019-01-09,104
3,,DKK,DANISH KRONE,"3,620.00","3,492.00",2019-01-09,104
4,"26,322.00",EUR,EURO,"27,116.43","26,454.00",2019-01-09,104
5,,FRF,FRENCH FRANC,,"101,201.05",2019-01-09,104
6,"29,183.85",GBP,BRITISH POUND,"29,726.00","29,390.00",2019-01-09,104
7,"2,917.12",HKD,HONGKONG DOLLAR,"2,986.00","2,937.00",2019-01-09,104
8,206.93,JPY,JAPANESE YEN,215.29,209.02,2019-01-09,104
9,,NLG,DUTCH GUILDE,,"33,998.84",2019-01-09,104
10,,NOK,NORWEGIAN KRONER,"2,764.00","2,667.00",2019-01-09,104
11,,SEK,SWEDISH KRONA,"2,644.00","2,553.00",2019-01-09,104
12,"16,881.39",SGD,SINGAPORE DOLLAR,"17,222.00","17,000.39",2019-01-09,104
13,646.00,THB,THAI BAHT,742.00,710.00,2019-01-09,104
14,"23,135.00",USD,US DOLLAR,"23,245.00","23,155.00",2019-01-09,104
0,"16,421.89",AUD,AUST.DOLLAR,"16,725.00","16,520.00",2019-01-09,25
1,"17,281.55",CAD,CANADIAN DOLLAR,"17,628.95","17,376.00",2019-01-09,25
2,"23,345.57",CHF,SWISS FRANCE,"23,817.00","23,465.00",2019-01-09,25
3,,DKK,DANISH KRONE,"3,618.00","3,491.00",2019-01-09,25
4,"26,311.00",EUR,EURO,"27,125.90","26,443.00",2019-01-09,25
5,"2,038.00",FRF,FRENCH FRANC,"2,058.00","2,044.00",2019-01-09,25
6,"29,215.31",GBP,BRITISH POUND,"29,713.00","29,377.00",2019-01-09,25
7,"2,916.90",HKD,HONGKONG DOLLAR,"2,985.00","2,936.00",2019-01-09,25
8,,INR,INDIAN RUPEE,348.07,333.66,2019-01-09,25
9,206.91,JPY,JAPANESE YEN,215.19,209.00,2019-01-09,25
10,,KWD,KUWAITI DINAR,"74,562.14","72,195.22",2019-01-09,25
11,,MYR,MALAYSIAN RINGGIT,"5,285.15","5,210.33",2019-01-09,25
12,,NOK,NORWEGIAN KRONER,"2,765.14","2,665.00",2019-01-09,25
13,,SEK,SWEDISH KRONA,"2,643.00","2,552.00",2019-01-09,25
14,"16,890.10",SGD,SINGAPORE DOLLAR,"17,215.00","16,994.00",2019-01-09,25
15,645.00,THB,THAI BAHT,741.00,709.00,2019-01-09,25
16,"23,125.00",USD,US DOLLAR,"23,245.00","23,155.00",2019-01-09,25
0,"16,311.00",AUD,AUST.DOLLAR,"16,700.00","16,410.00",2019-01-09,62
1,"17,175.00",CAD,CANADIAN DOLLAR,"17,633.00","17,332.00",2019-01-09,62
2,"23,251.00",CHF,SWISS FRANCE,"23,706.00","23,425.00",2019-01-09,62
3,"7,415.00",DEM,DEUTSCHE MARK,"10,645.00","10,564.00",2019-01-09,62
4,,DKK,DANISH KRONE,"3,625.00","3,480.00",2019-01-09,62
5,"26,286.00",EUR,EURO,"26,742.00","26,365.00",2019-01-09,62
6,"2,184.00",FRF,FRENCH FRANC,"3,174.00","3,150.00",2019-01-09,62
7,"29,114.00",GBP,BRITISH POUND,"29,681.00","29,319.00",2019-01-09,62
8,"2,902.00",HKD,HONGKONG DOLLAR,"2,991.00","2,922.00",2019-01-09,62
9,,INR,INDIAN RUPEE,427.29,351.03,2019-01-09,62
10,197.00,JPY,JAPANESE YEN,224.00,199.00,2019-01-09,62
11,18.00,KRW,SOUTH KOREAN WON,22.00,19.00,2019-01-09,62
12,,KWD,KUWAITI DINAR,"78,401.34","76,610.55",2019-01-09,62
13,,MYR,MALAYSIAN RINGGIT,"6,181.60","6,064.62",2019-01-09,62
14,,NOK,NORWEGIAN KRONER,"2,783.00","2,668.00",2019-01-09,62
15,,SEK,SWEDISH KRONA,"2,646.00","2,556.00",2019-01-09,62
16,"16,791.00",SGD,SINGAPORE DOLLAR,"17,206.00","16,920.00",2019-01-09,62
17,695.00,THB,THAI BAHT,750.00,700.00,2019-01-09,62
18,"23,135.00",USD,US DOLLAR,"23,255.00","23,145.00",2019-01-09,62
0,,ATS,SCHILING AUSTRIA,991.00,989.00,2019-01-09,19
1,"16,204.00",AUD,AUST.DOLLAR,"16,693.00","16,473.00",2019-01-09,19
2,,BEF,BELGIAN FRANCE,336.00,334.00,2019-01-09,19
3,"17,076.00",CAD,CANADIAN DOLLAR,"17,634.00","17,403.00",2019-01-09,19
4,"23,143.00",CHF,SWISS FRANCE,"23,822.00","23,478.00",2019-01-09,19
5,,DEM,DEUTSCHE MARK,"7,155.00","7,154.00",2019-01-09,19
6,,DKK,DANISH KRONE,"3,618.00","3,498.00",2019-01-09,19
7,"26,197.00",EUR,EURO,"27,148.00","26,446.00",2019-01-09,19
8,,FIM,FINNISH MARK,"2,314.00","2,313.00",2019-01-09,19
9,,FRF,FRENCH FRANC,"2,139.00","2,138.00",2019-01-09,19
10,"29,052.00",GBP,BRITISH POUND,"29,730.00","29,408.00",2019-01-09,19
11,"2,867.00",HKD,HONGKONG DOLLAR,"2,986.00","2,928.00",2019-01-09,19
12,"9,000.00",INR,INDIAN RUPEE,"9,000.00","9,000.00",2019-01-09,19
13,,ITL,ITALIAN LIRA,7.00,6.00,2019-01-09,19
14,196.00,JPY,JAPANESE YEN,216.34,198.00,2019-01-09,19
15,,NLG,DUTCH GUILDE,"6,239.00","6,238.00",2019-01-09,19
16,,NOK,NORWEGIAN KRONER,"2,765.00","2,671.00",2019-01-09,19
17,,SEK,SWEDISH KRONA,"2,639.00","2,564.00",2019-01-09,19
18,"16,793.00",SGD,SINGAPORE DOLLAR,"17,207.00","16,982.00",2019-01-09,19
19,700.00,THB,THAI BAHT,744.65,700.00,2019-01-09,19
20,"23,145.00",USD,US DOLLAR,"23,255.00","23,155.00",2019-01-09,19
0,"16,303.00",AUD,AUST.DOLLAR,"16,692.00","16,402.00",2019-01-09,11
1,"17,176.00",CAD,CANADIAN DOLLAR,"17,633.00","17,333.00",2019-01-09,11
2,"23,193.00",CHF,SWISS FRANCE,"23,822.00","23,357.00",2019-01-09,11
3,,DKK,DANISH KRONE,"3,623.00","3,483.00",2019-01-09,11
4,"26,246.00",EUR,EURO,"27,147.00","26,326.00",2019-01-09,11
5,"29,102.00",GBP,BRITISH POUND,"29,730.00","29,308.00",2019-01-09,11
6,"2,891.00",HKD,HONGKONG DOLLAR,"2,986.00","2,912.00",2019-01-09,11
7,200.81,JPY,JAPANESE YEN,219.34,202.89,2019-01-09,11
8,19.00,KRW,SOUTH KOREAN WON,23.00,20.00,2019-01-09,11
9,,KWD,KUWAITI DINAR,"79,357.00","76,351.00",2019-01-09,11
10,,NOK,NORWEGIAN KRONER,"2,769.00","2,655.00",2019-01-09,11
11,,SEK,SWEDISH KRONA,"2,644.00","2,549.00",2019-01-09,11
12,"16,792.00",SGD,SINGAPORE DOLLAR,"17,207.00","16,911.00",2019-01-09,11
13,660.00,THB,THAI BAHT,749.00,660.00,2019-01-09,11
14,"23,135.00",USD,US DOLLAR,"23,245.00","23,155.00",2019-01-09,11
0,"16,336.00",AUD,AUST.DOLLAR,"16,691.00","16,435.00",2019-01-09,47
1,,BEF,BELGIAN FRANCE,335.11,330.46,2019-01-09,47
2,"17,200.00",CAD,CANADIAN DOLLAR,"17,623.00","17,357.00",2019-01-09,47
3,"23,275.00",CHF,SWISS FRANCE,"23,820.00","23,440.00",2019-01-09,47
4,,DKK,DANISH KRONE,"3,626.00","3,405.00",2019-01-09,47
5,"26,311.00",EUR,EURO,"27,127.00","26,390.00",2019-01-09,47
6,,FIM,FINNISH MARK,"2,274.00","2,242.00",2019-01-09,47
7,"29,138.00",GBP,BRITISH POUND,"29,682.00","29,344.00",2019-01-09,47
8,"2,852.00",HKD,HONGKONG DOLLAR,"2,992.00","2,872.00",2019-01-09,47
9,,INR,INDIAN RUPEE,357.00,258.00,2019-01-09,47
10,,ITL,ITALIAN LIRA,6.98,6.89,2019-01-09,47
11,196.00,JPY,JAPANESE YEN,220.00,199.00,2019-01-09,47
12,,KWD,KUWAITI DINAR,"79,442.00","76,332.00",2019-01-09,47
13,,MYR,MALAYSIAN RINGGIT,"5,692.00","5,507.00",2019-01-09,47
14,,NLG,DUTCH GUILDE,"6,171.00","5,937.00",2019-01-09,47
15,,NOK,NORWEGIAN KRONER,"2,773.00","2,578.00",2019-01-09,47
16,,SEK,SWEDISH KRONA,"2,647.00","2,471.00",2019-01-09,47
17,"16,816.00",SGD,SINGAPORE DOLLAR,"17,197.00","16,935.00",2019-01-09,47
18,645.00,THB,THAI BAHT,750.00,645.00,2019-01-09,47
19,"23,125.00",USD,US DOLLAR,"23,250.00","23,145.00",2019-01-09,47
0,"16,401.25",AUD,AUST.DOLLAR,"16,680.46","16,500.25",2019-01-09,54
1,"17,265.90",CAD,CANADIAN DOLLAR,"17,612.98","17,422.70",2019-01-09,54
2,"23,340.80",CHF,SWISS FRANCE,"23,809.63","23,505.34",2019-01-09,54
3,,DKK,DANISH KRONE,"3,615.52","3,505.64",2019-01-09,54
4,"26,376.21",EUR,EURO,"27,116.43","26,455.58",2019-01-09,54
5,"29,203.85",GBP,BRITISH POUND,"29,671.51","29,409.72",2019-01-09,54
6,"2,917.12",HKD,HONGKONG DOLLAR,"2,981.67","2,937.68",2019-01-09,54
7,206.93,JPY,JAPANESE YEN,214.24,209.02,2019-01-09,54
8,19.31,KRW,SOUTH KOREAN WON,20.97,20.33,2019-01-09,54
9,,NOK,NORWEGIAN KRONER,"2,762.94","2,678.97",2019-01-09,54
10,,SEK,SWEDISH KRONA,"2,636.10","2,571.37",2019-01-09,54
11,"16,881.39",SGD,SINGAPORE DOLLAR,"17,186.06","17,000.39",2019-01-09,54
12,710.26,THB,THAI BAHT,739.88,710.26,2019-01-09,54
13,"23,155.00",USD,US DOLLAR,"23,245.00","23,155.00",2019-01-09,54
0,"16,365.00",AUD,AUST.DOLLAR,"16,702.00","16,482.00",2019-01-09,4
1,"17,236.00",CAD,CANADIAN DOLLAR,"17,643.00","17,413.00",2019-01-09,4
2,"23,303.00",CHF,SWISS FRANCE,"23,832.00","23,487.00",2019-01-09,4
3,,DKK,DANISH KRONE,"3,628.00","3,498.00",2019-01-09,4
4,"26,356.00",EUR,EURO,"27,157.00","26,456.00",2019-01-09,4
5,"29,202.00",GBP,BRITISH POUND,"29,740.00","29,438.00",2019-01-09,4
6,"2,816.00",HKD,HONGKONG DOLLAR,"2,991.00","2,917.00",2019-01-09,4
7,203.50,JPY,JAPANESE YEN,214.50,206.50,2019-01-09,4
8,,KRW,SOUTH KOREAN WON,22.00,19.40,2019-01-09,4
9,,NOK,NORWEGIAN KRONER,"2,774.00","2,670.00",2019-01-09,4
10,,SEK,SWEDISH KRONA,"2,649.00","2,564.00",2019-01-09,4
11,"16,854.00",SGD,SINGAPORE DOLLAR,"17,217.00","16,992.00",2019-01-09,4
12,610.00,THB,THAI BAHT,749.00,650.00,2019-01-09,4
13,"23,075.00",USD,US DOLLAR,"23,245.00","23,125.00",2019-01-09,4
0,"16,401.00",AUD,AUST.DOLLAR,"16,680.46","16,500.00",2019-01-09,23
1,"17,265.00",CAD,CANADIAN DOLLAR,"17,612.98","17,422.00",2019-01-09,23
2,"23,340.00",CHF,SWISS FRANCE,"23,809.63","23,505.00",2019-01-09,23
3,,DKK,DANISH KRONE,"3,615.52","3,505.00",2019-01-09,23
4,"26,376.00",EUR,EURO,"27,116.43","26,455.00",2019-01-09,23
5,,FIM,FINNISH MARK,"2,224.12","2,193.00",2019-01-09,23
6,"29,203.00",GBP,BRITISH POUND,"29,671.51","29,409.00",2019-01-09,23
7,"2,917.00",HKD,HONGKONG DOLLAR,"2,981.67","2,937.00",2019-01-09,23
8,,INR,INDIAN RUPEE,343.11,330.15,2019-01-09,23
9,,ITL,ITALIAN LIRA,6.83,7.00,2019-01-09,23
10,206.00,JPY,JAPANESE YEN,214.24,209.00,2019-01-09,23
11,,KRW,SOUTH KOREAN WON,20.97,20.33,2019-01-09,23
12,,KWD,KUWAITI DINAR,"79,431.35","76,432.34",2019-01-09,23
13,,MYR,MALAYSIAN RINGGIT,"5,679.91","5,607.32",2019-01-09,23
14,,NOK,NORWEGIAN KRONER,"2,762.94","2,678.00",2019-01-09,23
15,,SEK,SWEDISH KRONA,"2,636.10","2,571.00",2019-01-09,23
16,"16,881.00",SGD,SINGAPORE DOLLAR,"17,186.06","17,000.00",2019-01-09,23
17,"23,155.00",USD,US DOLLAR,"23,245.00","23,155.00",2019-01-09,23
0,"16,376.25",AUD,AUST.DOLLAR,"16,700.46","16,480.25",2019-01-09,96
1,"17,240.90",CAD,CANADIAN DOLLAR,"17,632.98","17,402.70",2019-01-09,96
2,"23,315.80",CHF,SWISS FRANCE,"23,819.63","23,485.34",2019-01-09,96
3,,DKK,DANISH KRONE,"3,615.52","3,505.64",2019-01-09,96
4,"26,351.21",EUR,EURO,"27,126.43","26,435.58",2019-01-09,96
5,"29,178.85",GBP,BRITISH POUND,"29,691.51","29,389.72",2019-01-09,96
6,"2,913.12",HKD,HONGKONG DOLLAR,"2,986.67","2,933.68",2019-01-09,96
7,,INR,INDIAN RUPEE,343.11,330.15,2019-01-09,96
8,201.93,JPY,JAPANESE YEN,214.24,208.52,2019-01-09,96
9,19.31,KRW,SOUTH KOREAN WON,20.97,20.33,2019-01-09,96
10,,KWD,KUWAITI DINAR,"79,431.35","76,432.34",2019-01-09,96
11,,MYR,MALAYSIAN RINGGIT,"5,679.91","5,607.32",2019-01-09,96
12,,NOK,NORWEGIAN KRONER,"2,762.94","2,678.97",2019-01-09,96
13,,RUB,RUSSIAN RUBLE,651.33,532.65,2019-01-09,96
14,,SEK,SWEDISH KRONA,"2,636.10","2,571.37",2019-01-09,96
15,"16,856.39",SGD,SINGAPORE DOLLAR,"17,196.06","16,980.39",2019-01-09,96
16,710.26,THB,THAI BAHT,739.88,710.26,2019-01-09,96
17,"23,155.00",USD,US DOLLAR,"23,245.00","23,155.00",2019-01-09,96
0,"16,381.00",AUD,AUST.DOLLAR,"16,743.00","16,485.25",2019-01-09,107
1,"17,216.00",CAD,CANADIAN DOLLAR,"17,656.00","17,354.00",2019-01-09,107
2,"23,311.00",CHF,SWISS FRANCE,"23,837.00","23,455.00",2019-01-09,107
3,,DEM,DEUTSCHE MARK,,"30,174.55",2019-01-09,107
4,,DKK,DANISH KRONE,"3,630.00","3,482.00",2019-01-09,107
5,"26,312.00",EUR,EURO,"27,150.00","26,420.00",2019-01-09,107
6,,FRF,FRENCH FRANC,,"101,201.05",2019-01-09,107
7,"29,184.00",GBP,BRITISH POUND,"29,736.00","29,380.00",2019-01-09,107
8,"2,902.00",HKD,HONGKONG DOLLAR,"2,991.00","2,927.00",2019-01-09,107
9,206.00,JPY,JAPANESE YEN,215.30,211.00,2019-01-09,107
10,,KRW,SOUTH KOREAN WON,21.59,19.66,2019-01-09,107
11,,NLG,DUTCH GUILDE,,"33,998.84",2019-01-09,107
12,,NOK,NORWEGIAN KRONER,"2,764.00","2,657.00",2019-01-09,107
13,,SEK,SWEDISH KRONA,"2,654.00","2,543.00",2019-01-09,107
14,"16,861.00",SGD,SINGAPORE DOLLAR,"17,232.00","16,985.39",2019-01-09,107
15,641.00,THB,THAI BAHT,745.00,707.00,2019-01-09,107
16,"23,155.00",USD,US DOLLAR,"23,245.00","23,155.00",2019-01-09,107
0,,ATS,SCHILING AUSTRIA,988.00,942.00,2019-01-09,12
1,"16,393.54",AUD,AUST.DOLLAR,"16,692.79","16,492.56",2019-01-09,12
2,,BEF,BELGIAN FRANCE,337.00,321.00,2019-01-09,12
3,"17,266.33",CAD,CANADIAN DOLLAR,"17,633.63","17,423.23",2019-01-09,12
4,"23,333.19",CHF,SWISS FRANCE,"23,822.05","23,497.74",2019-01-09,12
5,"6,560.35",DEM,DEUTSCHE MARK,"6,699.56","6,606.60",2019-01-09,12
6,,DKK,DANISH KRONE,"3,621.24","3,505.28",2019-01-09,12
7,"26,386.94",EUR,EURO,"27,147.74","26,466.37",2019-01-09,12
8,,FIM,FINNISH MARK,"2,287.00","2,200.00",2019-01-09,12
9,"1,956.06",FRF,FRENCH FRANC,"1,997.57","1,969.85",2019-01-09,12
10,"29,242.01",GBP,BRITISH POUND,"29,730.44","29,448.22",2019-01-09,12
11,"2,913.94",HKD,HONGKONG DOLLAR,"2,984.48","2,934.50",2019-01-09,12
12,,ITL,ITALIAN LIRA,7.02,6.69,2019-01-09,12
13,205.31,JPY,JAPANESE YEN,214.84,207.39,2019-01-09,12
14,19.08,KRW,SOUTH KOREAN WON,21.34,20.10,2019-01-09,12
15,,NLG,DUTCH GUILDE,"6,171.00","5,937.00",2019-01-09,12
16,,NOK,NORWEGIAN KRONER,"2,767.79","2,677.76",2019-01-09,12
17,,SEK,SWEDISH KRONA,"2,642.12","2,571.32",2019-01-09,12
18,"16,882.59",SGD,SINGAPORE DOLLAR,"17,207.46","17,001.67",2019-01-09,12
19,704.00,THB,THAI BAHT,744.00,705.00,2019-01-09,12
20,"23,125.00",USD,US DOLLAR,"23,245.00","23,145.00",2019-01-09,12
0,,ATS,SCHILING AUSTRIA,971.00,924.00,2019-01-09,53
1,"16,403.00",AUD,AUST.DOLLAR,"16,683.00","16,502.00",2019-01-09,53
2,,BEF,BELGIAN FRANCE,331.00,315.00,2019-01-09,53
3,"17,276.00",CAD,CANADIAN DOLLAR,"17,624.00","17,433.00",2019-01-09,53
4,"23,343.00",CHF,SWISS FRANCE,"23,813.00","23,507.00",2019-01-09,53
5,,DEM,DEUTSCHE MARK,"6,760.00","6,697.00",2019-01-09,53
6,,DKK,DANISH KRONE,"3,618.00","3,508.00",2019-01-09,53
7,"26,396.00",EUR,EURO,"27,138.00","26,476.00",2019-01-09,53
8,,FIM,FINNISH MARK,"2,246.00","2,160.00",2019-01-09,53
9,,FRF,FRENCH FRANC,"2,016.00","1,997.00",2019-01-09,53
10,"29,252.00",GBP,BRITISH POUND,"29,721.00","29,458.00",2019-01-09,53
11,"2,916.00",HKD,HONGKONG DOLLAR,"2,982.00","2,937.00",2019-01-09,53
12,,ITL,ITALIAN LIRA,6.90,6.57,2019-01-09,53
13,205.00,JPY,JAPANESE YEN,215.00,207.00,2019-01-09,53
14,,KRW,SOUTH KOREAN WON,21.04,20.40,2019-01-09,53
15,,NLG,DUTCH GUILDE,"6,060.00","5,827.00",2019-01-09,53
16,,NOK,NORWEGIAN KRONER,"2,765.00","2,680.00",2019-01-09,53
17,,SEK,SWEDISH KRONA,"2,640.00","2,574.00",2019-01-09,53
18,"16,892.00",SGD,SINGAPORE DOLLAR,"17,198.00","17,011.00",2019-01-09,53
19,646.00,THB,THAI BAHT,740.00,705.00,2019-01-09,53
20,"23,125.00",USD,US DOLLAR,"23,245.00","23,155.00",2019-01-09,53
0,"16,294.00",AUD,AUST.DOLLAR,"16,708.00","16,483.00",2019-01-09,60
1,"17,166.00",CAD,CANADIAN DOLLAR,"17,649.00","17,403.00",2019-01-09,60
2,"23,183.00",CHF,SWISS FRANCE,"23,837.00","23,478.00",2019-01-09,60
3,,DKK,DANISH KRONE,"3,623.00","3,488.00",2019-01-09,60
4,"26,287.00",EUR,EURO,"27,343.00","26,456.00",2019-01-09,60
5,"29,092.00",GBP,BRITISH POUND,"29,745.00","29,408.00",2019-01-09,60
6,"2,897.00",HKD,HONGKONG DOLLAR,"2,991.00","2,918.00",2019-01-09,60
7,201.00,JPY,JAPANESE YEN,219.00,203.00,2019-01-09,60
8,18.00,KRW,SOUTH KOREAN WON,22.00,19.00,2019-01-09,60
9,,NOK,NORWEGIAN KRONER,"2,770.00","2,661.00",2019-01-09,60
10,,SEK,SWEDISH KRONA,"2,649.00","2,554.00",2019-01-09,60
11,"16,793.00",SGD,SINGAPORE DOLLAR,"17,212.00","16,992.00",2019-01-09,60
12,690.00,THB,THAI BAHT,755.00,690.00,2019-01-09,60
13,"23,140.00",USD,US DOLLAR,"23,255.00","23,150.00",2019-01-09,60
0,"16,239.25",AUD,AUST.DOLLAR,"16,842.46","16,438.25",2019-01-09,57
1,"17,071.90",CAD,CANADIAN DOLLAR,"17,806.98","17,298.70",2019-01-09,57
2,"23,149.80",CHF,SWISS FRANCE,"24,000.63","23,401.34",2019-01-09,57
3,,DKK,DANISH KRONE,"3,655.52","3,465.64",2019-01-09,57
4,"26,266.21",EUR,EURO,"27,159.82","26,355.58",2019-01-09,57
5,"28,788.85",GBP,BRITISH POUND,"30,086.51","29,163.72",2019-01-09,57
6,"2,902.12",HKD,HONGKONG DOLLAR,"2,996.67","2,920.68",2019-01-09,57
7,,INR,INDIAN RUPEE,343.11,330.15,2019-01-09,57
8,204.93,JPY,JAPANESE YEN,217.24,207.02,2019-01-09,57
9,19.31,KRW,SOUTH KOREAN WON,20.97,19.33,2019-01-09,57
10,,KWD,KUWAITI DINAR,"79,431.35","76,432.34",2019-01-09,57
11,,MYR,MALAYSIAN RINGGIT,"5,679.91","5,605.32",2019-01-09,57
12,,NOK,NORWEGIAN KRONER,"2,762.94","2,676.97",2019-01-09,57
13,,SEK,SWEDISH KRONA,"2,636.10","2,568.37",2019-01-09,57
14,"16,761.39",SGD,SINGAPORE DOLLAR,"17,306.06","16,930.39",2019-01-09,57
15,705.26,THB,THAI BAHT,744.88,705.26,2019-01-09,57
16,"23,155.00",USD,US DOLLAR,"23,245.00","23,155.00",2019-01-09,57
0,"16,401.00",AUD,AUST.DOLLAR,"16,725.00","16,501.00",2019-01-09,88
1,"17,261.00",CAD,CANADIAN DOLLAR,"17,648.00","17,376.00",2019-01-09,88
2,"23,325.00",CHF,SWISS FRANCE,"23,834.00","23,465.00",2019-01-09,88
3,,DEM,DEUTSCHE MARK,"10,645.00","10,564.00",2019-01-09,88
4,,DKK,DANISH KRONE,"3,636.00","3,486.00",2019-01-09,88
5,"26,311.00",EUR,EURO,"27,145.00","26,443.00",2019-01-09,88
6,,FRF,FRENCH FRANC,"3,174.00","3,150.00",2019-01-09,88
7,"29,195.00",GBP,BRITISH POUND,"29,713.00","29,377.00",2019-01-09,88
8,"2,896.00",HKD,HONGKONG DOLLAR,"3,001.00","2,917.00",2019-01-09,88
9,320.00,INR,INDIAN RUPEE,320.00,320.00,2019-01-09,88
10,206.71,JPY,JAPANESE YEN,215.19,208.80,2019-01-09,88
11,,NOK,NORWEGIAN KRONER,"2,785.00","2,661.00",2019-01-09,88
12,,SEK,SWEDISH KRONA,"2,657.00","2,552.00",2019-01-09,88
13,"16,870.00",SGD,SINGAPORE DOLLAR,"17,215.00","16,989.00",2019-01-09,88
14,645.00,THB,THAI BAHT,760.00,690.00,2019-01-09,88
15,"23,125.00",USD,US DOLLAR,"23,245.00","23,155.00",2019-01-09,88
0,"16,401.25",AUD,AUST.DOLLAR,"16,680.46","16,500.25",2019-01-09,29
1,"17,265.90",CAD,CANADIAN DOLLAR,"17,612.98","17,422.70",2019-01-09,29
2,"23,340.80",CHF,SWISS FRANCE,"23,809.63","23,505.34",2019-01-09,29
3,,DKK,DANISH KRONE,"3,615.52","3,505.64",2019-01-09,29
4,"26,376.21",EUR,EURO,"27,116.43","26,455.58",2019-01-09,29
5,"29,203.85",GBP,BRITISH POUND,"29,671.51","29,409.72",2019-01-09,29
6,"2,917.12",HKD,HONGKONG DOLLAR,"2,981.67","2,937.68",2019-01-09,29
7,,INR,INDIAN RUPEE,343.11,330.15,2019-01-09,29
8,206.93,JPY,JAPANESE YEN,214.24,209.02,2019-01-09,29
9,19.31,KRW,SOUTH KOREAN WON,20.97,20.33,2019-01-09,29
10,,KWD,KUWAITI DINAR,"79,431.35","76,432.34",2019-01-09,29
11,,MYR,MALAYSIAN RINGGIT,"5,679.91","5,607.32",2019-01-09,29
12,,NOK,NORWEGIAN KRONER,"2,762.94","2,678.97",2019-01-09,29
13,,SEK,SWEDISH KRONA,"2,636.10","2,571.37",2019-01-09,29
14,"16,881.39",SGD,SINGAPORE DOLLAR,"17,186.06","17,000.39",2019-01-09,29
15,710.26,THB,THAI BAHT,739.88,710.26,2019-01-09,29
16,"23,155.00",USD,US DOLLAR,"23,245.00","23,155.00",2019-01-09,29
0,"16,422.00",AUD,AUST.DOLLAR,"16,725.00","16,520.00",2019-01-09,91
1,"17,282.00",CAD,CANADIAN DOLLAR,"17,629.00","17,376.00",2019-01-09,91
2,"23,346.00",CHF,SWISS FRANCE,"23,817.00","23,465.00",2019-01-09,91
3,,DKK,DANISH KRONE,"3,618.00","3,491.00",2019-01-09,91
4,"26,311.00",EUR,EURO,"27,126.00","26,443.00",2019-01-09,91
5,,FRF,FRENCH FRANC,"3,174.00","3,150.00",2019-01-09,91
6,"29,215.00",GBP,BRITISH POUND,"29,713.00","29,377.00",2019-01-09,91
7,"2,917.00",HKD,HONGKONG DOLLAR,"2,985.00","2,936.00",2019-01-09,91
8,206.91,JPY,JAPANESE YEN,215.19,209.00,2019-01-09,91
9,,KRW,SOUTH KOREAN WON,21.58,19.65,2019-01-09,91
10,,NOK,NORWEGIAN KRONER,"2,766.00","2,665.00",2019-01-09,91
11,,SEK,SWEDISH KRONA,"2,643.00","2,552.00",2019-01-09,91
12,"16,890.00",SGD,SINGAPORE DOLLAR,"17,215.00","16,994.00",2019-01-09,91
13,645.00,THB,THAI BAHT,741.00,709.00,2019-01-09,91
14,"23,125.00",USD,US DOLLAR,"23,245.00","23,155.00",2019-01-09,91
0,"16,378.54",AUD,AUST.DOLLAR,"16,687.79","16,482.56",2019-01-09,52
1,"17,251.33",CAD,CANADIAN DOLLAR,"17,628.63","17,413.23",2019-01-09,52
2,"23,318.19",CHF,SWISS FRANCE,"23,817.05","23,487.74",2019-01-09,52
3,,DKK,DANISH KRONE,"3,623.24","3,498.28",2019-01-09,52
4,"26,346.94",EUR,EURO,"27,142.74","26,436.37",2019-01-09,52
5,"29,182.01",GBP,BRITISH POUND,"29,725.44","29,408.22",2019-01-09,52
6,"2,906.94",HKD,HONGKONG DOLLAR,"2,986.48","2,927.50",2019-01-09,52
7,,INR,INDIAN RUPEE,354.10,339.90,2019-01-09,52
8,195.81,JPY,JAPANESE YEN,219.34,197.89,2019-01-09,52
9,19.38,KRW,SOUTH KOREAN WON,21.04,20.40,2019-01-09,52
10,,KWD,KUWAITI DINAR,"79,352.73","76,356.69",2019-01-09,52
11,,MYR,MALAYSIAN RINGGIT,"5,982.25","5,905.42",2019-01-09,52
12,,NOK,NORWEGIAN KRONER,"2,769.79","2,670.76",2019-01-09,52
13,,SEK,SWEDISH KRONA,"2,644.12","2,564.32",2019-01-09,52
14,"16,867.59",SGD,SINGAPORE DOLLAR,"17,202.46","16,991.67",2019-01-09,52
15,700.03,THB,THAI BAHT,744.65,700.03,2019-01-09,52
16,"23,135.00",USD,US DOLLAR,"23,245.00","23,155.00",2019-01-09,52
0,"16,378.54",AUD,AUST.DOLLAR,"16,687.79","16,482.56",2019-01-09,90
1,"17,241.33",CAD,CANADIAN DOLLAR,"17,628.63","17,403.23",2019-01-09,90
2,"23,318.19",CHF,SWISS FRANCE,"23,817.05","23,487.74",2019-01-09,90
3,,DKK,DANISH KRONE,"3,618.24","3,508.28",2019-01-09,90
4,"26,371.94",EUR,EURO,"27,141.74","26,456.37",2019-01-09,90
5,"29,227.01",GBP,BRITISH POUND,"29,725.44","29,438.22",2019-01-09,90
6,"2,912.94",HKD,HONGKONG DOLLAR,"2,985.48","2,933.50",2019-01-09,90
7,,INR,INDIAN RUPEE,340.94,328.07,2019-01-09,90
8,201.81,JPY,JAPANESE YEN,217.34,208.39,2019-01-09,90
9,19.38,KRW,SOUTH KOREAN WON,21.29,20.15,2019-01-09,90
10,,KWD,KUWAITI DINAR,"79,352.73","76,356.69",2019-01-09,90
11,,MYR,MALAYSIAN RINGGIT,"5,681.29","5,608.68",2019-01-09,90
12,,NOK,NORWEGIAN KRONER,"2,764.79","2,680.76",2019-01-09,90
13,,SEK,SWEDISH KRONA,"2,639.12","2,574.32",2019-01-09,90
14,"16,867.59",SGD,SINGAPORE DOLLAR,"17,202.46","16,991.67",2019-01-09,90
15,705.03,THB,THAI BAHT,744.65,710.03,2019-01-09,90
16,"23,125.00",USD,US DOLLAR,"23,245.00","23,155.00",2019-01-09,90
0,"16,378.54",AUD,AUST.DOLLAR,"16,687.79","16,482.56",2019-01-09,2
1,"17,251.33",CAD,CANADIAN DOLLAR,"17,628.63","17,413.23",2019-01-09,2
2,"23,318.19",CHF,SWISS FRANCE,"23,817.05","23,487.74",2019-01-09,2
3,,DEM,DEUTSCHE MARK,"7,631.17","7,525.08",2019-01-09,2
4,,DKK,DANISH KRONE,"3,623.24","3,488.28",2019-01-09,2
5,"26,371.94",EUR,EURO,"27,142.74","26,456.37",2019-01-09,2
6,,FRF,FRENCH FRANC,"2,275.34","2,243.71",2019-01-09,2
7,"29,227.01",GBP,BRITISH POUND,"29,725.44","29,438.22",2019-01-09,2
8,"2,916.94",HKD,HONGKONG DOLLAR,"2,981.48","2,932.50",2019-01-09,2
9,,INR,INDIAN RUPEE,316.00,303.00,2019-01-09,2
10,205.81,JPY,JAPANESE YEN,214.54,207.39,2019-01-09,2
11,19.38,KRW,SOUTH KOREAN WON,21.04,20.40,2019-01-09,2
12,,KWD,KUWAITI DINAR,"79,352.73","76,356.69",2019-01-09,2
13,,MYR,MALAYSIAN RINGGIT,"5,681.29","5,608.68",2019-01-09,2
14,,NOK,NORWEGIAN KRONER,"2,769.79","2,660.76",2019-01-09,2
15,,SEK,SWEDISH KRONA,"2,644.12","2,554.32",2019-01-09,2
16,"16,867.59",SGD,SINGAPORE DOLLAR,"17,202.46","16,991.67",2019-01-09,2
17,705.03,THB,THAI BAHT,744.65,705.03,2019-01-09,2
18,"23,145.00",USD,US DOLLAR,"23,245.00","23,155.00",2019-01-09,2
0,"16,373.54",AUD,AUST.DOLLAR,"16,692.79","16,477.56",2019-01-09,69
1,"17,246.33",CAD,CANADIAN DOLLAR,"17,633.63","17,408.23",2019-01-09,69
2,"23,313.19",CHF,SWISS FRANCE,"23,822.05","23,482.74",2019-01-09,69
3,,DKK,DANISH KRONE,"3,625.24","3,498.28",2019-01-09,69
4,"26,371.94",EUR,EURO,"27,142.74","26,456.37",2019-01-09,69
5,"29,227.01",GBP,BRITISH POUND,"29,730.44","29,438.22",2019-01-09,69
6,"2,911.94",HKD,HONGKONG DOLLAR,"2,986.48","2,932.50",2019-01-09,69
7,,INR,INDIAN RUPEE,316.00,303.00,2019-01-09,69
8,198.81,JPY,JAPANESE YEN,214.84,204.89,2019-01-09,69
9,19.38,KRW,SOUTH KOREAN WON,21.29,20.15,2019-01-09,69
10,,KWD,KUWAITI DINAR,"65,962.24","64,485.82",2019-01-09,69
11,,MYR,MALAYSIAN RINGGIT,"4,827.35","4,718.48",2019-01-09,69
12,,NOK,NORWEGIAN KRONER,"2,769.79","2,675.76",2019-01-09,69
13,,SEK,SWEDISH KRONA,"2,644.12","2,569.32",2019-01-09,69
14,"16,862.59",SGD,SINGAPORE DOLLAR,"17,207.46","16,986.67",2019-01-09,69
15,700.03,THB,THAI BAHT,744.65,705.03,2019-01-09,69
16,"23,145.00",USD,US DOLLAR,"23,245.00","23,155.00",2019-01-09,69
0,"16,378.54",AUD,AUST.DOLLAR,"16,687.79","16,482.56",2019-01-09,85
1,"17,251.33",CAD,CANADIAN DOLLAR,"17,628.63","17,413.23",2019-01-09,85
2,"23,318.19",CHF,SWISS FRANCE,"23,817.05","23,487.74",2019-01-09,85
3,,DKK,DANISH KRONE,"3,618.24","3,508.28",2019-01-09,85
4,"26,371.94",EUR,EURO,"27,142.74","26,456.37",2019-01-09,85
5,"29,227.01",GBP,BRITISH POUND,"29,725.44","29,438.22",2019-01-09,85
6,"2,912.94",HKD,HONGKONG DOLLAR,"2,985.48","2,933.50",2019-01-09,85
7,,INR,INDIAN RUPEE,340.94,328.07,2019-01-09,85
8,200.81,JPY,JAPANESE YEN,214.34,207.39,2019-01-09,85
9,19.38,KRW,SOUTH KOREAN WON,21.29,20.15,2019-01-09,85
10,,KWD,KUWAITI DINAR,"79,352.73","76,356.69",2019-01-09,85
11,,MYR,MALAYSIAN RINGGIT,"5,681.29","5,608.68",2019-01-09,85
12,,NOK,NORWEGIAN KRONER,"2,764.79","2,680.76",2019-01-09,85
13,,RUB,RUSSIAN RUBLE,438.56,358.51,2019-01-09,85
14,,SEK,SWEDISH KRONA,"2,639.12","2,574.32",2019-01-09,85
15,"16,867.59",SGD,SINGAPORE DOLLAR,"17,202.46","16,991.67",2019-01-09,85
16,710.03,THB,THAI BAHT,739.65,710.03,2019-01-09,85
17,"23,125.00",USD,US DOLLAR,"23,245.00","23,155.00",2019-01-09,85
0,,ATS,SCHILING AUSTRIA,969.13,955.69,2019-01-09,20
1,"16,416.89",AUD,AUST.DOLLAR,"16,726.45","16,518.02",2019-01-09,20
2,"17,275.55",CAD,CANADIAN DOLLAR,"17,638.95","17,434.50",2019-01-09,20
3,"23,339.57",CHF,SWISS FRANCE,"23,824.48","23,506.14",2019-01-09,20
4,,DKK,DANISH KRONE,"3,626.63","3,502.71",2019-01-09,20
5,"26,385.43",EUR,EURO,"27,135.90","26,464.82",2019-01-09,20
6,"1,990.77",FRF,FRENCH FRANC,"2,033.00","2,004.80",2019-01-09,20
7,"29,209.31",GBP,BRITISH POUND,"29,693.16","29,417.26",2019-01-09,20
8,"2,910.90",HKD,HONGKONG DOLLAR,"2,991.44","2,933.46",2019-01-09,20
9,,INR,INDIAN RUPEE,353.23,326.27,2019-01-09,20
10,203.91,JPY,JAPANESE YEN,215.22,208.00,2019-01-09,20
11,16.36,KRW,SOUTH KOREAN WON,21.27,20.13,2019-01-09,20
12,,KWD,KUWAITI DINAR,"79,441.35","76,428.34",2019-01-09,20
13,,MYR,MALAYSIAN RINGGIT,"5,685.77","5,599.23",2019-01-09,20
14,,NOK,NORWEGIAN KRONER,"2,775.14","2,677.10",2019-01-09,20
15,,SEK,SWEDISH KRONA,"2,647.26","2,568.50",2019-01-09,20
16,"16,884.10",SGD,SINGAPORE DOLLAR,"17,204.92","17,005.16",2019-01-09,20
17,707.26,THB,THAI BAHT,743.88,708.26,2019-01-09,20
18,"23,155.00",USD,US DOLLAR,"23,245.00","23,155.00",2019-01-09,20
0,"16,403.54",AUD,AUST.DOLLAR,"16,682.79","16,502.56",2019-01-09,34
1,"17,276.33",CAD,CANADIAN DOLLAR,"17,623.63","17,433.23",2019-01-09,34
2,"23,343.19",CHF,SWISS FRANCE,"23,812.05","23,507.74",2019-01-09,34
3,,DKK,DANISH KRONE,"3,618.24","3,508.28",2019-01-09,34
4,"26,396.94",EUR,EURO,"27,137.74","26,476.37",2019-01-09,34
5,"29,252.01",GBP,BRITISH POUND,"29,720.44","29,458.22",2019-01-09,34
6,"2,916.94",HKD,HONGKONG DOLLAR,"2,981.48","2,937.50",2019-01-09,34
7,,INR,INDIAN RUPEE,340.94,328.07,2019-01-09,34
8,205.81,JPY,JAPANESE YEN,214.34,207.89,2019-01-09,34
9,19.38,KRW,SOUTH KOREAN WON,21.04,20.40,2019-01-09,34
10,,KWD,KUWAITI DINAR,"79,352.73","76,356.69",2019-01-09,34
11,,MYR,MALAYSIAN RINGGIT,"5,681.29","5,608.68",2019-01-09,34
12,,NOK,NORWEGIAN KRONER,"2,764.79","2,680.76",2019-01-09,34
13,,SEK,SWEDISH KRONA,"2,639.12","2,574.32",2019-01-09,34
14,"16,892.59",SGD,SINGAPORE DOLLAR,"17,197.46","17,011.67",2019-01-09,34
15,710.03,THB,THAI BAHT,739.65,710.03,2019-01-09,34
16,"23,150.00",USD,US DOLLAR,"23,245.00","23,155.00",2019-01-09,34
0,"16,403.54",AUD,AUST.DOLLAR,"16,682.79","16,502.56",2019-01-09,3
1,"17,276.33",CAD,CANADIAN DOLLAR,"17,623.63","17,433.23",2019-01-09,3
2,"23,343.19",CHF,SWISS FRANCE,"23,812.05","23,507.74",2019-01-09,3
3,,DKK,DANISH KRONE,"3,618.24","3,508.28",2019-01-09,3
4,"26,396.94",EUR,EURO,"27,137.74","26,476.37",2019-01-09,3
5,"29,252.01",GBP,BRITISH POUND,"29,720.44","29,458.22",2019-01-09,3
6,"2,916.94",HKD,HONGKONG DOLLAR,"2,981.48","2,937.50",2019-01-09,3
7,,INR,INDIAN RUPEE,340.94,328.07,2019-01-09,3
8,205.81,JPY,JAPANESE YEN,214.34,207.89,2019-01-09,3
9,19.38,KRW,SOUTH KOREAN WON,21.04,20.40,2019-01-09,3
10,,KWD,KUWAITI DINAR,"79,352.73","76,356.69",2019-01-09,3
11,,MYR,MALAYSIAN RINGGIT,"5,681.29","5,608.68",2019-01-09,3
12,,NOK,NORWEGIAN KRONER,"2,764.79","2,680.76",2019-01-09,3
13,,SAR,SAUDI RIAL,"6,412.45","6,170.34",2019-01-09,3
14,,SEK,SWEDISH KRONA,"2,639.12","2,574.32",2019-01-09,3
15,"16,892.59",SGD,SINGAPORE DOLLAR,"17,197.46","17,011.67",2019-01-09,3
16,710.03,THB,THAI BAHT,739.65,710.03,2019-01-09,3
17,"23,155.00",USD,US DOLLAR,"23,245.00","23,155.00",2019-01-09,3
0,"16,378.54",AUD,AUST.DOLLAR,"16,687.79","16,482.56",2019-01-09,30
1,"17,251.33",CAD,CANADIAN DOLLAR,"17,628.63","17,413.23",2019-01-09,30
2,"23,318.19",CHF,SWISS FRANCE,"23,817.05","23,487.74",2019-01-09,30
3,,DKK,DANISH KRONE,"3,618.24","3,508.28",2019-01-09,30
4,"26,371.94",EUR,EURO,"27,142.74","26,456.37",2019-01-09,30
5,"29,227.01",GBP,BRITISH POUND,"29,725.44","29,438.22",2019-01-09,30
6,"2,912.94",HKD,HONGKONG DOLLAR,"2,985.48","2,933.50",2019-01-09,30
7,,INR,INDIAN RUPEE,340.94,328.07,2019-01-09,30
8,200.81,JPY,JAPANESE YEN,214.34,207.39,2019-01-09,30
9,19.38,KRW,SOUTH KOREAN WON,21.29,20.15,2019-01-09,30
10,,KWD,KUWAITI DINAR,"79,352.73","76,356.69",2019-01-09,30
11,,MYR,MALAYSIAN RINGGIT,"5,681.29","5,608.68",2019-01-09,30
12,,NOK,NORWEGIAN KRONER,"2,764.79","2,680.76",2019-01-09,30
13,,SEK,SWEDISH KRONA,"2,639.12","2,574.32",2019-01-09,30
14,"16,867.59",SGD,SINGAPORE DOLLAR,"17,202.46","16,991.67",2019-01-09,30
15,710.03,THB,THAI BAHT,739.65,710.03,2019-01-09,30
16,"23,125.00",USD,US DOLLAR,"23,245.00","23,155.00",2019-01-09,30
0,"16,378.54",AUD,AUST.DOLLAR,"16,687.79","16,482.56",2019-01-09,93
1,"17,251.33",CAD,CANADIAN DOLLAR,"17,628.63","17,413.23",2019-01-09,93
2,"23,318.19",CHF,SWISS FRANCE,"23,817.05","23,487.74",2019-01-09,93
3,,DKK,DANISH KRONE,"3,618.24","3,508.28",2019-01-09,93
4,"26,371.94",EUR,EURO,"27,142.74","26,456.37",2019-01-09,93
5,"29,227.01",GBP,BRITISH POUND,"29,725.44","29,438.22",2019-01-09,93
6,"2,912.94",HKD,HONGKONG DOLLAR,"2,985.48","2,933.50",2019-01-09,93
7,,INR,INDIAN RUPEE,340.94,328.07,2019-01-09,93
8,200.81,JPY,JAPANESE YEN,215.34,206.89,2019-01-09,93
9,19.38,KRW,SOUTH KOREAN WON,21.29,20.15,2019-01-09,93
10,,KWD,KUWAITI DINAR,"79,352.73","76,356.69",2019-01-09,93
11,,MYR,MALAYSIAN RINGGIT,"5,681.29","5,608.68",2019-01-09,93
12,,NOK,NORWEGIAN KRONER,"2,764.79","2,675.76",2019-01-09,93
13,,RUB,RUSSIAN RUBLE,651.33,532.65,2019-01-09,93
14,,SEK,SWEDISH KRONA,"2,639.12","2,574.32",2019-01-09,93
15,"16,867.59",SGD,SINGAPORE DOLLAR,"17,202.46","16,991.67",2019-01-09,93
16,700.03,THB,THAI BAHT,741.65,708.03,2019-01-09,93
17,"23,135.00",USD,US DOLLAR,"23,245.00","23,150.00",2019-01-09,93
0,"16,403.54",AUD,AUST.DOLLAR,"16,682.79","16,502.56",2019-01-09,68
1,"17,276.33",CAD,CANADIAN DOLLAR,"17,623.63","17,433.23",2019-01-09,68
2,"23,343.19",CHF,SWISS FRANCE,"23,812.05","23,507.74",2019-01-09,68
3,,DKK,DANISH KRONE,"3,618.24","3,508.28",2019-01-09,68
4,"26,396.94",EUR,EURO,"27,137.74","26,476.37",2019-01-09,68
5,"29,252.01",GBP,BRITISH POUND,"29,720.44","29,458.22",2019-01-09,68
6,"2,916.94",HKD,HONGKONG DOLLAR,"2,981.48","2,937.50",2019-01-09,68
7,,INR,INDIAN RUPEE,340.94,328.07,2019-01-09,68
8,205.81,JPY,JAPANESE YEN,214.34,207.89,2019-01-09,68
9,19.38,KRW,SOUTH KOREAN WON,21.04,20.40,2019-01-09,68
10,,KWD,KUWAITI DINAR,"79,352.73","76,356.69",2019-01-09,68
11,,MYR,MALAYSIAN RINGGIT,"5,681.29","5,608.68",2019-01-09,68
12,,NOK,NORWEGIAN KRONER,"2,764.79","2,680.76",2019-01-09,68
13,,RUB,RUSSIAN RUBLE,384.55,345.11,2019-01-09,68
14,,SAR,SAUDI RIAL,"6,412.45","6,170.34",2019-01-09,68
15,,SEK,SWEDISH KRONA,"2,639.12","2,574.32",2019-01-09,68
16,"16,892.59",SGD,SINGAPORE DOLLAR,"17,197.46","17,011.67",2019-01-09,68
17,710.03,THB,THAI BAHT,739.65,710.03,2019-01-09,68
18,"23,155.00",USD,US DOLLAR,"23,245.00","23,155.00",2019-01-09,68
0,"16,318.00",AUD,AUST.DOLLAR,"16,690.00","16,417.00",2019-01-09,16
1,"17,178.00",CAD,CANADIAN DOLLAR,"17,622.00","17,334.00",2019-01-09,16
2,"23,223.00",CHF,SWISS FRANCE,"23,819.00","23,387.00",2019-01-09,16
3,,DKK,DANISH KRONE,"3,625.00","3,469.00",2019-01-09,16
4,"26,244.00",EUR,EURO,"27,126.00","26,322.00",2019-01-09,16
5,"29,056.00",GBP,BRITISH POUND,"29,681.00","29,261.00",2019-01-09,16
6,"2,904.00",HKD,HONGKONG DOLLAR,"2,991.00","2,924.00",2019-01-09,16
7,,INR,INDIAN RUPEE,371.92,357.11,2019-01-09,16
8,204.00,JPY,JAPANESE YEN,216.00,207.00,2019-01-09,16
9,,KRW,SOUTH KOREAN WON,17.25,16.73,2019-01-09,16
10,,KWD,KUWAITI DINAR,"55,988.96","54,846.00",2019-01-09,16
11,,MYR,MALAYSIAN RINGGIT,"4,601.85","4,544.12",2019-01-09,16
12,,NOK,NORWEGIAN KRONER,"2,772.00","2,651.00",2019-01-09,16
13,,SEK,SWEDISH KRONA,"2,646.00","2,548.00",2019-01-09,16
14,"16,796.00",SGD,SINGAPORE DOLLAR,"17,196.00","16,915.00",2019-01-09,16
15,700.00,THB,THAI BAHT,749.00,700.00,2019-01-09,16
16,"22,500.00",USD,US DOLLAR,"23,245.00","23,145.00",2019-01-09,16
0,"16,401.25",AUD,AUST.DOLLAR,"16,680.46","16,500.25",2019-01-09,42
1,"17,265.90",CAD,CANADIAN DOLLAR,"17,612.98","17,422.70",2019-01-09,42
2,"23,340.80",CHF,SWISS FRANCE,"23,809.63","23,505.34",2019-01-09,42
3,,DEM,DEUTSCHE MARK,"10,959.00","10,865.00",2019-01-09,42
4,,DKK,DANISH KRONE,"3,615.52","3,505.64",2019-01-09,42
5,"26,376.21",EUR,EURO,"27,116.43","26,455.58",2019-01-09,42
6,,FRF,FRENCH FRANC,"3,268.00","3,240.00",2019-01-09,42
7,"29,203.85",GBP,BRITISH POUND,"29,671.51","29,409.72",2019-01-09,42
8,"2,917.12",HKD,HONGKONG DOLLAR,"2,981.67","2,937.68",2019-01-09,42
9,,INR,INDIAN RUPEE,343.11,330.15,2019-01-09,42
10,206.93,JPY,JAPANESE YEN,214.24,209.02,2019-01-09,42
11,19.31,KRW,SOUTH KOREAN WON,20.97,20.33,2019-01-09,42
12,,KWD,KUWAITI DINAR,"79,431.35","76,432.34",2019-01-09,42
13,,MYR,MALAYSIAN RINGGIT,"5,679.91","5,607.32",2019-01-09,42
14,,NOK,NORWEGIAN KRONER,"2,762.94","2,678.97",2019-01-09,42
15,,SEK,SWEDISH KRONA,"2,636.10","2,571.37",2019-01-09,42
16,"16,881.39",SGD,SINGAPORE DOLLAR,"17,186.06","17,000.39",2019-01-09,42
17,710.26,THB,THAI BAHT,739.88,710.26,2019-01-09,42
18,"23,155.00",USD,US DOLLAR,"23,245.00","23,155.00",2019-01-09,42
0,"16,403.54",AUD,AUST.DOLLAR,"16,682.79","16,502.56",2019-01-09,59
1,"17,276.33",CAD,CANADIAN DOLLAR,"17,623.63","17,433.23",2019-01-09,59
2,"23,343.19",CHF,SWISS FRANCE,"23,812.05","23,507.74",2019-01-09,59
3,,DKK,DANISH KRONE,"3,618.24","3,508.28",2019-01-09,59
4,"26,396.94",EUR,EURO,"27,137.74","26,476.37",2019-01-09,59
5,"29,252.01",GBP,BRITISH POUND,"29,720.44","29,458.22",2019-01-09,59
6,"2,916.94",HKD,HONGKONG DOLLAR,"2,981.48","2,937.50",2019-01-09,59
7,,INR,INDIAN RUPEE,340.94,328.07,2019-01-09,59
8,205.81,JPY,JAPANESE YEN,214.34,207.89,2019-01-09,59
9,19.38,KRW,SOUTH KOREAN WON,21.04,20.40,2019-01-09,59
10,,KWD,KUWAITI DINAR,"79,352.73","76,356.69",2019-01-09,59
11,,MYR,MALAYSIAN RINGGIT,"5,681.29","5,608.68",2019-01-09,59
12,,NOK,NORWEGIAN KRONER,"2,764.79","2,680.76",2019-01-09,59
13,,SEK,SWEDISH KRONA,"2,639.12","2,574.32",2019-01-09,59
14,"16,892.59",SGD,SINGAPORE DOLLAR,"17,197.46","17,011.67",2019-01-09,59
15,710.03,THB,THAI BAHT,739.65,710.03,2019-01-09,59
16,"23,155.00",USD,US DOLLAR,"23,245.00","23,155.00",2019-01-09,59
0,"16,354.00",AUD,AUST.DOLLAR,"16,703.00","16,463.00",2019-01-09,6
1,"17,226.00",CAD,CANADIAN DOLLAR,"17,644.00","17,393.00",2019-01-09,6
2,"23,273.00",CHF,SWISS FRANCE,"23,852.00","23,458.00",2019-01-09,6
3,,DKK,DANISH KRONE,"3,618.00","3,468.00",2019-01-09,6
4,"26,297.00",EUR,EURO,"27,183.00","26,406.00",2019-01-09,6
5,"29,152.00",GBP,BRITISH POUND,"29,780.00","29,378.00",2019-01-09,6
6,,HKD,HONGKONG DOLLAR,"2,981.00","2,898.00",2019-01-09,6
7,203.00,JPY,JAPANESE YEN,216.00,205.00,2019-01-09,6
8,,KRW,SOUTH KOREAN WON,22.00,19.00,2019-01-09,6
9,,NOK,NORWEGIAN KRONER,"2,765.00","2,651.00",2019-01-09,6
10,,SEK,SWEDISH KRONA,"2,639.00","2,534.00",2019-01-09,6
11,"16,873.00",SGD,SINGAPORE DOLLAR,"17,347.00","16,992.00",2019-01-09,6
12,,THB,THAI BAHT,750.00,672.00,2019-01-09,6
13,"23,135.00",USD,US DOLLAR,"23,245.00","23,145.00",2019-01-09,6
0,"16,389.00",AUD,AUST.DOLLAR,"16,725.00","16,487.00",2019-01-09,9
1,"17,247.00",CAD,CANADIAN DOLLAR,"17,639.00","17,404.00",2019-01-09,9
2,"23,248.00",CHF,SWISS FRANCE,"23,824.00","23,365.00",2019-01-09,9
3,,DKK,DANISH KRONE,"3,618.00","3,487.00",2019-01-09,9
4,"26,211.00",EUR,EURO,"27,136.00","26,343.00",2019-01-09,9
5,"29,157.00",GBP,BRITISH POUND,"29,713.00","29,318.00",2019-01-09,9
6,"2,911.00",HKD,HONGKONG DOLLAR,"2,991.00","2,932.00",2019-01-09,9
7,199.91,JPY,JAPANESE YEN,215.72,204.00,2019-01-09,9
8,,KRW,SOUTH KOREAN WON,21.58,19.61,2019-01-09,9
9,,NOK,NORWEGIAN KRONER,"2,766.00","2,661.00",2019-01-09,9
10,,SEK,SWEDISH KRONA,"2,643.00","2,553.00",2019-01-09,9
11,"16,856.00",SGD,SINGAPORE DOLLAR,"17,215.00","16,975.00",2019-01-09,9
12,635.00,THB,THAI BAHT,742.00,699.00,2019-01-09,9
13,"23,115.00",USD,US DOLLAR,"23,245.00","23,145.00",2019-01-09,9
0,"16,401.25",AUD,AUST.DOLLAR,"16,680.46","16,500.25",2019-01-09,76
1,"17,265.90",CAD,CANADIAN DOLLAR,"17,612.98","17,422.70",2019-01-09,76
2,"23,340.80",CHF,SWISS FRANCE,"23,809.63","23,505.34",2019-01-09,76
3,,DKK,DANISH KRONE,"3,615.52","3,505.64",2019-01-09,76
4,"26,376.21",EUR,EURO,"27,116.43","26,455.58",2019-01-09,76
5,"29,203.85",GBP,BRITISH POUND,"29,671.51","29,409.72",2019-01-09,76
6,"2,917.12",HKD,HONGKONG DOLLAR,"2,981.67","2,937.68",2019-01-09,76
7,,INR,INDIAN RUPEE,343.11,330.15,2019-01-09,76
8,206.93,JPY,JAPANESE YEN,214.24,209.02,2019-01-09,76
9,19.31,KRW,SOUTH KOREAN WON,20.97,20.33,2019-01-09,76
10,,KWD,KUWAITI DINAR,"79,431.35","76,432.34",2019-01-09,76
11,,MYR,MALAYSIAN RINGGIT,"5,679.91","5,607.32",2019-01-09,76
12,,NOK,NORWEGIAN KRONER,"2,762.94","2,678.97",2019-01-09,76
13,,SEK,SWEDISH KRONA,"2,636.10","2,571.37",2019-01-09,76
14,"16,881.39",SGD,SINGAPORE DOLLAR,"17,186.06","17,000.39",2019-01-09,76
15,710.26,THB,THAI BAHT,739.88,710.26,2019-01-09,76
16,"23,155.00",USD,US DOLLAR,"23,245.00","23,155.00",2019-01-09,76
0,"16,394.00",AUD,AUST.DOLLAR,"16,725.00","16,493.00",2019-01-09,72
1,"17,266.00",CAD,CANADIAN DOLLAR,"17,634.00","17,376.00",2019-01-09,72
2,"23,333.00",CHF,SWISS FRANCE,"23,822.00","23,465.00",2019-01-09,72
3,,DEM,DEUTSCHE MARK,"10,645.00","10,564.00",2019-01-09,72
4,,DKK,DANISH KRONE,"3,638.00","3,488.00",2019-01-09,72
5,"26,311.00",EUR,EURO,"27,148.00","26,443.00",2019-01-09,72
6,,FRF,FRENCH FRANC,"3,174.00","3,150.00",2019-01-09,72
7,"29,230.00",GBP,BRITISH POUND,"29,730.00","29,377.00",2019-01-09,72
8,"2,897.00",HKD,HONGKONG DOLLAR,"3,001.00","2,918.00",2019-01-09,72
9,,INR,INDIAN RUPEE,351.15,337.08,2019-01-09,72
10,204.81,JPY,JAPANESE YEN,215.34,206.89,2019-01-09,72
11,19.38,KRW,SOUTH KOREAN WON,21.04,20.40,2019-01-09,72
12,,KWD,KUWAITI DINAR,"75,579.24","73,280.14",2019-01-09,72
13,,MYR,MALAYSIAN RINGGIT,"5,138.71","5,072.90",2019-01-09,72
14,,NOK,NORWEGIAN KRONER,"2,785.00","2,661.00",2019-01-09,72
15,,SEK,SWEDISH KRONA,"2,659.00","2,552.00",2019-01-09,72
16,"16,883.00",SGD,SINGAPORE DOLLAR,"17,215.00","16,994.00",2019-01-09,72
17,645.00,THB,THAI BAHT,745.00,705.00,2019-01-09,72
18,"23,125.00",USD,US DOLLAR,"23,245.00","23,155.00",2019-01-09,72
0,"16,353.54",AUD,AUST.DOLLAR,"16,732.79","16,452.56",2019-01-09,56
1,"17,226.33",CAD,CANADIAN DOLLAR,"17,673.63","17,383.23",2019-01-09,56
2,"23,293.19",CHF,SWISS FRANCE,"23,862.05","23,457.74",2019-01-09,56
3,"7,400.00",DEM,DEUTSCHE MARK,"10,645.00","10,549.00",2019-01-09,56
4,,DKK,DANISH KRONE,"3,668.24","3,458.28",2019-01-09,56
5,"26,371.94",EUR,EURO,"27,147.74","26,456.37",2019-01-09,56
6,"2,169.00",FRF,FRENCH FRANC,"3,174.00","3,135.00",2019-01-09,56
7,"29,202.01",GBP,BRITISH POUND,"29,770.44","29,408.22",2019-01-09,56
8,"2,866.94",HKD,HONGKONG DOLLAR,"3,031.48","2,887.50",2019-01-09,56
9,,INR,INDIAN RUPEE,390.94,278.07,2019-01-09,56
10,204.81,JPY,JAPANESE YEN,215.34,206.89,2019-01-09,56
11,18.38,KRW,SOUTH KOREAN WON,22.04,19.40,2019-01-09,56
12,,NOK,NORWEGIAN KRONER,"2,814.79","2,630.76",2019-01-09,56
13,,SEK,SWEDISH KRONA,"2,689.12","2,524.32",2019-01-09,56
14,"16,842.59",SGD,SINGAPORE DOLLAR,"17,247.46","16,961.67",2019-01-09,56
15,702.03,THB,THAI BAHT,739.65,702.03,2019-01-09,56
16,"23,135.00",USD,US DOLLAR,"23,245.00","23,145.00",2019-01-09,56
0,"16,421.89",AUD,AUST.DOLLAR,"16,701.45","16,521.02",2019-01-09,98
1,"17,281.55",CAD,CANADIAN DOLLAR,"17,628.95","17,438.50",2019-01-09,98
2,"23,345.57",CHF,SWISS FRANCE,"23,814.48","23,510.14",2019-01-09,98
3,,CNY,CHINESE YUAN,"3,428.55","3,357.76",2019-01-09,98
4,,DKK,DANISH KRONE,"3,616.63","3,506.71",2019-01-09,98
5,"26,385.43",EUR,EURO,"27,125.90","26,464.82",2019-01-09,98
6,"29,215.31",GBP,BRITISH POUND,"29,683.16","29,421.26",2019-01-09,98
7,"2,916.90",HKD,HONGKONG DOLLAR,"2,981.44","2,937.46",2019-01-09,98
8,,INR,INDIAN RUPEE,343.23,330.27,2019-01-09,98
9,206.91,JPY,JAPANESE YEN,214.22,209.00,2019-01-09,98
10,19.36,KRW,SOUTH KOREAN WON,21.02,20.38,2019-01-09,98
11,,KWD,KUWAITI DINAR,"79,431.35","76,432.34",2019-01-09,98
12,,MYR,MALAYSIAN RINGGIT,"5,675.77","5,603.23",2019-01-09,98
13,,NOK,NORWEGIAN KRONER,"2,765.14","2,681.10",2019-01-09,98
14,,RUB,RUSSIAN RUBLE,651.33,532.65,2019-01-09,98
15,,SEK,SWEDISH KRONA,"2,637.26","2,572.50",2019-01-09,98
16,"16,890.10",SGD,SINGAPORE DOLLAR,"17,194.92","17,009.16",2019-01-09,98
17,710.26,THB,THAI BAHT,739.88,710.26,2019-01-09,98
18,"23,155.00",USD,US DOLLAR,"23,245.00","23,155.00",2019-01-09,98
0,"16,396.25",AUD,AUST.DOLLAR,"16,685.46","16,495.25",2019-01-09,95
1,"17,260.90",CAD,CANADIAN DOLLAR,"17,617.98","17,417.70",2019-01-09,95
2,"23,335.80",CHF,SWISS FRANCE,"23,814.63","23,500.34",2019-01-09,95
3,"3,317.44",CNY,CHINESE YUAN,"3,421.60","3,350.95",2019-01-09,95
4,,DKK,DANISH KRONE,"3,620.52","3,500.64",2019-01-09,95
5,"26,371.21",EUR,EURO,"27,121.43","26,450.58",2019-01-09,95
6,"29,198.85",GBP,BRITISH POUND,"29,676.51","29,404.72",2019-01-09,95
7,"2,912.12",HKD,HONGKONG DOLLAR,"2,986.67","2,932.68",2019-01-09,95
8,,INR,INDIAN RUPEE,358.37,344.15,2019-01-09,95
9,201.93,JPY,JAPANESE YEN,219.24,204.02,2019-01-09,95
10,19.31,KRW,SOUTH KOREAN WON,20.97,20.33,2019-01-09,95
11,,KWD,KUWAITI DINAR,"75,632.12","74,099.32",2019-01-09,95
12,,MYR,MALAYSIAN RINGGIT,"6,502.49","6,421.88",2019-01-09,95
13,,NOK,NORWEGIAN KRONER,"2,767.94","2,673.97",2019-01-09,95
14,,RUB,RUSSIAN RUBLE,663.80,542.85,2019-01-09,95
15,,SEK,SWEDISH KRONA,"2,641.10","2,566.37",2019-01-09,95
16,"16,876.39",SGD,SINGAPORE DOLLAR,"17,191.06","16,995.39",2019-01-09,95
17,690.26,THB,THAI BAHT,744.88,705.26,2019-01-09,95
18,"23,145.00",USD,US DOLLAR,"23,245.00","23,155.00",2019-01-09,95
0,"16,401.25",AUD,AUST.DOLLAR,"16,733.00","16,500.25",2019-01-09,63
1,"17,265.90",CAD,CANADIAN DOLLAR,"17,636.00","17,384.00",2019-01-09,63
2,"23,340.80",CHF,SWISS FRANCE,"23,827.00","23,475.00",2019-01-09,63
3,,DEM,DEUTSCHE MARK,"10,850.00","10,755.00",2019-01-09,63
4,,DKK,DANISH KRONE,"3,620.00","3,492.00",2019-01-09,63
5,"26,322.00",EUR,EURO,"27,116.43","26,454.00",2019-01-09,63
6,,FRF,FRENCH FRANC,"3,268.00","3,240.00",2019-01-09,63
7,"29,203.85",GBP,BRITISH POUND,"29,726.00","29,390.00",2019-01-09,63
8,"2,917.12",HKD,HONGKONG DOLLAR,"2,986.00","2,937.00",2019-01-09,63
9,320.00,INR,INDIAN RUPEE,320.00,320.00,2019-01-09,63
10,206.93,JPY,JAPANESE YEN,215.29,209.02,2019-01-09,63
11,,KRW,SOUTH KOREAN WON,21.59,19.66,2019-01-09,63
12,,NOK,NORWEGIAN KRONER,"2,764.00","2,667.00",2019-01-09,63
13,,SEK,SWEDISH KRONA,"2,644.00","2,553.00",2019-01-09,63
14,"16,881.39",SGD,SINGAPORE DOLLAR,"17,222.00","17,000.39",2019-01-09,63
15,646.00,THB,THAI BAHT,742.00,710.00,2019-01-09,63
16,"23,135.00",USD,US DOLLAR,"23,255.00","23,155.00",2019-01-09,63
0,,ATS,SCHILING AUSTRIA,988.00,942.00,2019-01-09,87
1,"16,381.25",AUD,AUST.DOLLAR,"16,690.46","16,480.25",2019-01-09,87
2,,BEF,BELGIAN FRANCE,337.00,321.00,2019-01-09,87
3,"17,245.90",CAD,CANADIAN DOLLAR,"17,622.98","17,402.70",2019-01-09,87
4,"23,320.80",CHF,SWISS FRANCE,"23,819.63","23,485.34",2019-01-09,87
5,"6,560.35",DEM,DEUTSCHE MARK,"6,699.56","6,606.60",2019-01-09,87
6,,DKK,DANISH KRONE,"3,625.52","3,485.64",2019-01-09,87
7,"26,356.21",EUR,EURO,"27,126.43","26,435.58",2019-01-09,87
8,,FIM,FINNISH MARK,"2,287.00","2,200.00",2019-01-09,87
9,"1,956.06",FRF,FRENCH FRANC,"1,997.57","1,969.85",2019-01-09,87
10,"29,183.85",GBP,BRITISH POUND,"29,681.51","29,389.72",2019-01-09,87
11,"2,907.12",HKD,HONGKONG DOLLAR,"2,991.67","2,937.68",2019-01-09,87
12,,INR,INDIAN RUPEE,343.11,330.15,2019-01-09,87
13,,ITL,ITALIAN LIRA,7.02,6.69,2019-01-09,87
14,196.93,JPY,JAPANESE YEN,224.24,199.02,2019-01-09,87
15,9.31,KRW,SOUTH KOREAN WON,30.97,10.33,2019-01-09,87
16,,KWD,KUWAITI DINAR,"79,431.35","76,432.34",2019-01-09,87
17,,MYR,MALAYSIAN RINGGIT,"5,689.91","5,587.32",2019-01-09,87
18,,NLG,DUTCH GUILDE,"6,171.00","5,937.00",2019-01-09,87
19,,NOK,NORWEGIAN KRONER,"2,772.94","2,658.97",2019-01-09,87
20,,SEK,SWEDISH KRONA,"2,646.10","2,561.37",2019-01-09,87
21,"16,861.39",SGD,SINGAPORE DOLLAR,"17,196.06","16,980.39",2019-01-09,87
22,690.26,THB,THAI BAHT,749.88,690.26,2019-01-09,87
23,"23,125.00",USD,US DOLLAR,"23,255.00","23,135.00",2019-01-09,87
0,"16,401.25",AUD,AUST.DOLLAR,"16,680.46","16,500.25",2019-01-09,55
1,"17,265.90",CAD,CANADIAN DOLLAR,"17,612.98","17,422.70",2019-01-09,55
2,"23,340.80",CHF,SWISS FRANCE,"23,809.63","23,505.34",2019-01-09,55
3,"3,317.44",CNY,CHINESE YUAN,"3,421.60","3,350.95",2019-01-09,55
4,,DKK,DANISH KRONE,"3,615.52","3,505.64",2019-01-09,55
5,"26,376.21",EUR,EURO,"27,116.43","26,455.58",2019-01-09,55
6,"29,203.85",GBP,BRITISH POUND,"29,671.51","29,409.72",2019-01-09,55
7,"2,917.12",HKD,HONGKONG DOLLAR,"2,981.67","2,937.68",2019-01-09,55
8,,INR,INDIAN RUPEE,470.06,449.88,2019-01-09,55
9,206.93,JPY,JAPANESE YEN,214.24,209.02,2019-01-09,55
10,,KRW,SOUTH KOREAN WON,21.54,17.10,2019-01-09,55
11,,KWD,KUWAITI DINAR,"79,431.35","76,432.34",2019-01-09,55
12,,MYR,MALAYSIAN RINGGIT,"5,679.91","5,607.32",2019-01-09,55
13,,NOK,NORWEGIAN KRONER,"2,762.94","2,678.97",2019-01-09,55
14,,SEK,SWEDISH KRONA,"2,636.10","2,571.37",2019-01-09,55
15,"16,881.39",SGD,SINGAPORE DOLLAR,"17,186.06","17,000.39",2019-01-09,55
16,710.26,THB,THAI BAHT,739.88,710.26,2019-01-09,55
17,"23,155.00",USD,US DOLLAR,"23,245.00","23,155.00",2019-01-09,55
0,"16,406.00",AUD,AUST.DOLLAR,"16,740.00","16,505.00",2019-01-09,41
1,"17,266.00",CAD,CANADIAN DOLLAR,"17,644.00","17,361.00",2019-01-09,41
2,"23,330.00",CHF,SWISS FRANCE,"23,832.00","23,450.00",2019-01-09,41
3,,DKK,DANISH KRONE,"3,628.00","3,481.00",2019-01-09,41
4,"26,296.00",EUR,EURO,"27,136.00","26,433.00",2019-01-09,41
5,"29,200.00",GBP,BRITISH POUND,"29,728.00","29,362.00",2019-01-09,41
6,"2,906.00",HKD,HONGKONG DOLLAR,"2,995.00","2,926.00",2019-01-09,41
7,,INR,INDIAN RUPEE,338.51,324.94,2019-01-09,41
8,206.71,JPY,JAPANESE YEN,215.39,208.80,2019-01-09,41
9,,KRW,SOUTH KOREAN WON,21.78,19.45,2019-01-09,41
10,,KWD,KUWAITI DINAR,"74,675.62","72,403.77",2019-01-09,41
11,,MYR,MALAYSIAN RINGGIT,"5,249.24","5,182.00",2019-01-09,41
12,,NOK,NORWEGIAN KRONER,"2,775.00","2,655.00",2019-01-09,41
13,,SEK,SWEDISH KRONA,"2,653.00","2,542.00",2019-01-09,41
14,"16,875.00",SGD,SINGAPORE DOLLAR,"17,230.00","16,979.00",2019-01-09,41
15,635.00,THB,THAI BAHT,751.00,699.00,2019-01-09,41
16,"23,145.00",USD,US DOLLAR,"23,245.00","23,155.00",2019-01-09,41
0,"16,365.00",AUD,AUST.DOLLAR,"16,702.00","16,482.00",2019-01-09,100
1,"17,236.00",CAD,CANADIAN DOLLAR,"17,643.00","17,413.00",2019-01-09,100
2,"23,303.00",CHF,SWISS FRANCE,"23,832.00","23,487.00",2019-01-09,100
3,,DKK,DANISH KRONE,"3,628.00","3,498.00",2019-01-09,100
4,"26,356.00",EUR,EURO,"27,157.00","26,456.00",2019-01-09,100
5,"29,202.00",GBP,BRITISH POUND,"29,740.00","29,438.00",2019-01-09,100
6,"2,816.00",HKD,HONGKONG DOLLAR,"2,991.00","2,917.00",2019-01-09,100
7,203.50,JPY,JAPANESE YEN,214.50,206.50,2019-01-09,100
8,,KRW,SOUTH KOREAN WON,22.00,19.40,2019-01-09,100
9,,NOK,NORWEGIAN KRONER,"2,649.00","2,564.00",2019-01-09,100
10,,SEK,SWEDISH KRONA,"2,649.00","2,564.00",2019-01-09,100
11,"16,854.00",SGD,SINGAPORE DOLLAR,"17,217.00","16,992.00",2019-01-09,100
12,610.00,THB,THAI BAHT,749.00,650.00,2019-01-09,100
13,"23,075.00",USD,US DOLLAR,"23,245.00","23,125.00",2019-01-09,100
0,"16,378.54",AUD,AUST.DOLLAR,"16,682.79","16,492.56",2019-01-09,83
1,"17,251.33",CAD,CANADIAN DOLLAR,"17,623.63","17,423.23",2019-01-09,83
2,"23,318.19",CHF,SWISS FRANCE,"23,812.05","23,497.74",2019-01-09,83
3,,DKK,DANISH KRONE,"3,618.24","3,498.28",2019-01-09,83
4,"26,376.94",EUR,EURO,"27,137.74","26,476.37",2019-01-09,83
5,,FRF,FRENCH FRANC,"2,275.34","2,243.71",2019-01-09,83
6,"29,227.01",GBP,BRITISH POUND,"29,720.44","29,448.22",2019-01-09,83
7,"2,906.94",HKD,HONGKONG DOLLAR,"2,981.48","2,932.50",2019-01-09,83
8,,INR,INDIAN RUPEE,341.94,323.07,2019-01-09,83
9,203.81,JPY,JAPANESE YEN,215.34,206.89,2019-01-09,83
10,19.38,KRW,SOUTH KOREAN WON,22.04,18.40,2019-01-09,83
11,,KWD,KUWAITI DINAR,"79,352.73","76,346.69",2019-01-09,83
12,,MYR,MALAYSIAN RINGGIT,"5,681.29","5,598.68",2019-01-09,83
13,,NOK,NORWEGIAN KRONER,"2,764.79","2,670.76",2019-01-09,83
14,,SEK,SWEDISH KRONA,"2,639.12","2,564.32",2019-01-09,83
15,"16,867.59",SGD,SINGAPORE DOLLAR,"17,197.46","17,001.67",2019-01-09,83
16,700.03,THB,THAI BAHT,739.65,707.03,2019-01-09,83
17,"23,135.00",USD,US DOLLAR,"23,245.00","23,155.00",2019-01-09,83
0,"16,378.54",AUD,AUST.DOLLAR,"16,687.79","16,482.56",2019-01-09,97
1,"17,251.33",CAD,CANADIAN DOLLAR,"17,628.63","17,413.23",2019-01-09,97
2,"23,318.19",CHF,SWISS FRANCE,"23,817.05","23,487.74",2019-01-09,97
3,,DKK,DANISH KRONE,"3,618.24","3,508.28",2019-01-09,97
4,"26,371.94",EUR,EURO,"27,142.74","26,456.37",2019-01-09,97
5,"29,227.01",GBP,BRITISH POUND,"29,725.44","29,438.22",2019-01-09,97
6,"2,912.94",HKD,HONGKONG DOLLAR,"2,985.48","2,933.50",2019-01-09,97
7,,INR,INDIAN RUPEE,340.94,328.07,2019-01-09,97
8,200.81,JPY,JAPANESE YEN,214.34,206.89,2019-01-09,97
9,19.38,KRW,SOUTH KOREAN WON,21.04,20.40,2019-01-09,97
10,,KWD,KUWAITI DINAR,"79,352.73","76,356.69",2019-01-09,97
11,,MYR,MALAYSIAN RINGGIT,"5,681.29","5,608.68",2019-01-09,97
12,,NOK,NORWEGIAN KRONER,"2,764.79","2,680.76",2019-01-09,97
13,,RUB,RUSSIAN RUBLE,651.33,532.65,2019-01-09,97
14,,SEK,SWEDISH KRONA,"2,639.12","2,574.32",2019-01-09,97
15,"16,867.59",SGD,SINGAPORE DOLLAR,"17,202.46","16,991.67",2019-01-09,97
16,710.03,THB,THAI BAHT,739.65,710.03,2019-01-09,97
17,"23,135.00",USD,US DOLLAR,"23,245.00","23,145.00",2019-01-09,97
0,"16,401.25",AUD,AUST.DOLLAR,"16,680.46","16,500.25",2019-01-09,103
1,"17,265.90",CAD,CANADIAN DOLLAR,"17,612.98","17,422.70",2019-01-09,103
2,"23,340.80",CHF,SWISS FRANCE,"23,809.63","23,505.34",2019-01-09,103
3,,DKK,DANISH KRONE,"3,615.52","3,505.64",2019-01-09,103
4,"26,376.21",EUR,EURO,"27,116.43","26,455.58",2019-01-09,103
5,"29,203.85",GBP,BRITISH POUND,"29,671.51","29,409.72",2019-01-09,103
6,"2,917.12",HKD,HONGKONG DOLLAR,"2,981.67","2,937.68",2019-01-09,103
7,,INR,INDIAN RUPEE,343.11,330.15,2019-01-09,103
8,206.93,JPY,JAPANESE YEN,214.24,209.02,2019-01-09,103
9,19.31,KRW,SOUTH KOREAN WON,20.97,20.33,2019-01-09,103
10,,KWD,KUWAITI DINAR,"79,431.35","76,432.34",2019-01-09,103
11,,MYR,MALAYSIAN RINGGIT,"5,679.91","5,607.32",2019-01-09,103
12,,NOK,NORWEGIAN KRONER,"2,762.94","2,678.97",2019-01-09,103
13,,SAR,SAUDI RIAL,"6,412.62","6,170.50",2019-01-09,103
14,,SEK,SWEDISH KRONA,"2,636.10","2,571.37",2019-01-09,103
15,"16,881.39",SGD,SINGAPORE DOLLAR,"17,186.06","17,000.39",2019-01-09,103
16,710.26,THB,THAI BAHT,739.88,710.26,2019-01-09,103
17,"23,155.00",USD,US DOLLAR,"23,245.00","23,155.00",2019-01-09,103
0,,ATS,SCHILING AUSTRIA,971.00,924.00,2019-01-09,18
1,"16,437.00",AUD,AUST.DOLLAR,"16,725.00","16,520.00",2019-01-09,18
2,,BEF,BELGIAN FRANCE,331.00,315.00,2019-01-09,18
3,"17,289.00",CAD,CANADIAN DOLLAR,"17,628.95","17,376.00",2019-01-09,18
4,"23,348.00",CHF,SWISS FRANCE,"23,817.00","23,465.00",2019-01-09,18
5,,DEM,DEUTSCHE MARK,"6,760.00","6,697.00",2019-01-09,18
6,,DKK,DANISH KRONE,"3,618.00","3,491.00",2019-01-09,18
7,"26,311.00",EUR,EURO,"27,125.90","26,443.00",2019-01-09,18
8,,FIM,FINNISH MARK,"2,246.00","2,160.00",2019-01-09,18
9,,FRF,FRENCH FRANC,"2,016.00","1,997.00",2019-01-09,18
10,"29,230.00",GBP,BRITISH POUND,"29,713.00","29,377.00",2019-01-09,18
11,"2,921.00",HKD,HONGKONG DOLLAR,"2,985.00","2,936.00",2019-01-09,18
12,,ITL,ITALIAN LIRA,6.90,6.57,2019-01-09,18
13,206.91,JPY,JAPANESE YEN,215.19,209.00,2019-01-09,18
14,18.47,KRW,SOUTH KOREAN WON,21.58,19.65,2019-01-09,18
15,,NLG,DUTCH GUILDE,"6,060.00","5,827.00",2019-01-09,18
16,,NOK,NORWEGIAN KRONER,"2,765.14","2,665.00",2019-01-09,18
17,,SEK,SWEDISH KRONA,"2,643.00","2,552.00",2019-01-09,18
18,"16,909.00",SGD,SINGAPORE DOLLAR,"17,215.00","16,994.00",2019-01-09,18
19,645.00,THB,THAI BAHT,741.00,709.00,2019-01-09,18
20,"23,125.00",USD,US DOLLAR,"23,245.00","23,155.00",2019-01-09,18
0,"16,403.54",AUD,AUST.DOLLAR,"16,682.79","16,502.56",2019-01-09,10
1,"17,276.33",CAD,CANADIAN DOLLAR,"17,623.63","17,433.23",2019-01-09,10
2,"23,343.19",CHF,SWISS FRANCE,"23,812.05","23,507.74",2019-01-09,10
3,,DKK,DANISH KRONE,"3,618.24","3,508.28",2019-01-09,10
4,"26,396.94",EUR,EURO,"27,137.74","26,476.37",2019-01-09,10
5,"29,252.01",GBP,BRITISH POUND,"29,720.44","29,458.22",2019-01-09,10
6,"2,916.94",HKD,HONGKONG DOLLAR,"2,981.48","2,937.50",2019-01-09,10
7,,INR,INDIAN RUPEE,340.94,328.07,2019-01-09,10
8,205.81,JPY,JAPANESE YEN,214.34,207.89,2019-01-09,10
9,19.38,KRW,SOUTH KOREAN WON,21.04,20.40,2019-01-09,10
10,,KWD,KUWAITI DINAR,"79,352.73","76,356.69",2019-01-09,10
11,,MYR,MALAYSIAN RINGGIT,"5,681.29","5,608.68",2019-01-09,10
12,,NOK,NORWEGIAN KRONER,"2,764.79","2,680.76",2019-01-09,10
13,,SEK,SWEDISH KRONA,"2,639.12","2,574.32",2019-01-09,10
14,"16,892.59",SGD,SINGAPORE DOLLAR,"17,197.46","17,011.67",2019-01-09,10
15,710.03,THB,THAI BAHT,739.65,710.03,2019-01-09,10
16,"23,155.00",USD,US DOLLAR,"23,245.00","23,155.00",2019-01-09,10
0,"16,393.54",AUD,AUST.DOLLAR,"16,687.79","16,497.56",2019-01-09,111
1,"17,266.33",CAD,CANADIAN DOLLAR,"17,628.63","17,428.23",2019-01-09,111
2,"23,333.19",CHF,SWISS FRANCE,"23,817.05","23,502.74",2019-01-09,111
3,,DKK,DANISH KRONE,"3,623.24","3,503.28",2019-01-09,111
4,"26,386.94",EUR,EURO,"27,142.74","26,471.37",2019-01-09,111
5,"29,242.01",GBP,BRITISH POUND,"29,725.44","29,453.22",2019-01-09,111
6,"2,906.94",HKD,HONGKONG DOLLAR,"2,986.48","2,932.50",2019-01-09,111
7,,INR,INDIAN RUPEE,340.94,328.07,2019-01-09,111
8,203.81,JPY,JAPANESE YEN,216.34,205.89,2019-01-09,111
9,19.38,KRW,SOUTH KOREAN WON,21.04,20.40,2019-01-09,111
10,,KWD,KUWAITI DINAR,"78,499.93","75,238.63",2019-01-09,111
11,,MYR,MALAYSIAN RINGGIT,"5,907.78","5,683.47",2019-01-09,111
12,,NOK,NORWEGIAN KRONER,"2,769.79","2,675.76",2019-01-09,111
13,,RUB,RUSSIAN RUBLE,679.56,554.83,2019-01-09,111
14,,SEK,SWEDISH KRONA,"2,644.12","2,569.32",2019-01-09,111
15,"16,882.59",SGD,SINGAPORE DOLLAR,"17,202.46","17,006.67",2019-01-09,111
16,690.03,THB,THAI BAHT,744.65,705.03,2019-01-09,111
17,"23,145.00",USD,US DOLLAR,"23,245.00","23,155.00",2019-01-09,111
0,"16,437.00",AUD,AUST.DOLLAR,"16,725.00","16,520.00",2019-01-09,92
1,"17,289.00",CAD,CANADIAN DOLLAR,"17,628.00","17,376.00",2019-01-09,92
2,"23,348.00",CHF,SWISS FRANCE,"23,817.00","23,465.00",2019-01-09,92
3,,DEM,DEUTSCHE MARK,"10,645.00","10,564.00",2019-01-09,92
4,,DKK,DANISH KRONE,"3,618.00","3,491.00",2019-01-09,92
5,"26,311.00",EUR,EURO,"26,772.00","26,443.00",2019-01-09,92
6,,FRF,FRENCH FRANC,"3,174.00","3,150.00",2019-01-09,92
7,"29,230.00",GBP,BRITISH POUND,"29,713.00","29,377.00",2019-01-09,92
8,"2,921.00",HKD,HONGKONG DOLLAR,"2,985.00","2,936.00",2019-01-09,92
9,320.00,INR,INDIAN RUPEE,320.00,320.00,2019-01-09,92
10,210.11,JPY,JAPANESE YEN,215.19,211.17,2019-01-09,92
11,,NOK,NORWEGIAN KRONER,"2,763.00","2,665.00",2019-01-09,92
12,,SEK,SWEDISH KRONA,"2,643.00","2,552.00",2019-01-09,92
13,"16,909.00",SGD,SINGAPORE DOLLAR,"17,215.00","16,994.00",2019-01-09,92
14,645.00,THB,THAI BAHT,741.00,709.00,2019-01-09,92
15,"23,125.00",USD,US DOLLAR,"23,245.00","23,155.00",2019-01-09,92
0,"16,351.00",AUD,AUST.DOLLAR,"16,732.00","16,471.00",2019-01-09,58
1,"17,216.00",CAD,CANADIAN DOLLAR,"17,653.00","17,393.00",2019-01-09,58
2,"23,255.00",CHF,SWISS FRANCE,"23,859.00","23,445.00",2019-01-09,58
3,,DKK,DANISH KRONE,"3,619.00","3,466.00",2019-01-09,58
4,"26,285.00",EUR,EURO,"27,170.00","26,399.00",2019-01-09,58
5,"29,105.00",GBP,BRITISH POUND,"29,743.00","29,326.00",2019-01-09,58
6,,HKD,HONGKONG DOLLAR,"2,984.00","2,897.00",2019-01-09,58
7,203.00,JPY,JAPANESE YEN,219.00,206.00,2019-01-09,58
8,,NOK,NORWEGIAN KRONER,"2,768.00","2,641.00",2019-01-09,58
9,,SEK,SWEDISH KRONA,"2,640.00","2,532.00",2019-01-09,58
10,"16,870.00",SGD,SINGAPORE DOLLAR,"17,294.00","16,989.00",2019-01-09,58
11,,THB,THAI BAHT,752.00,670.00,2019-01-09,58
12,"23,135.00",USD,US DOLLAR,"23,245.00","23,145.00",2019-01-09,58
0,,ATS,SCHILING AUSTRIA,988.00,942.00,2019-01-09,40
1,"16,383.44",AUD,AUST.DOLLAR,"16,733.14","16,482.46",2019-01-09,40
2,,BEF,BELGIAN FRANCE,337.00,321.00,2019-01-09,40
3,"17,256.23",CAD,CANADIAN DOLLAR,"17,678.73","17,413.13",2019-01-09,40
4,"23,327.99",CHF,SWISS FRANCE,"23,842.10","23,492.54",2019-01-09,40
5,"6,560.35",DEM,DEUTSCHE MARK,"6,699.56","6,606.60",2019-01-09,40
6,,DKK,DANISH KRONE,"3,628.24","3,503.28",2019-01-09,40
7,"26,371.19",EUR,EURO,"27,223.49","26,451.22",2019-01-09,40
8,,FIM,FINNISH MARK,"2,287.00","2,200.00",2019-01-09,40
9,"1,956.06",FRF,FRENCH FRANC,"1,997.57","1,969.85",2019-01-09,40
10,"29,236.21",GBP,BRITISH POUND,"29,811.19","29,442.42",2019-01-09,40
11,"2,913.94",HKD,HONGKONG DOLLAR,"2,993.53","2,934.50",2019-01-09,40
12,"9,000.00",INR,INDIAN RUPEE,"9,000.00","9,000.00",2019-01-09,40
13,,ITL,ITALIAN LIRA,7.02,6.69,2019-01-09,40
14,204.76,JPY,JAPANESE YEN,215.54,206.84,2019-01-09,40
15,19.38,KRW,SOUTH KOREAN WON,22.04,20.40,2019-01-09,40
16,,NLG,DUTCH GUILDE,"6,171.00","5,937.00",2019-01-09,40
17,,NOK,NORWEGIAN KRONER,"2,774.84","2,668.71",2019-01-09,40
18,,SAR,SAUDI RIAL,"6,413.45","6,169.34",2019-01-09,40
19,,SEK,SWEDISH KRONA,"2,642.12","2,573.32",2019-01-09,40
20,"16,877.49",SGD,SINGAPORE DOLLAR,"17,247.56","17,001.42",2019-01-09,40
21,708.98,THB,THAI BAHT,744.70,708.98,2019-01-09,40
22,"23,135.00",USD,US DOLLAR,"23,245.00","23,145.00",2019-01-09,40
0,"16,391.89",AUD,AUST.DOLLAR,"16,721.45","16,501.02",2019-01-09,22
1,"17,251.55",CAD,CANADIAN DOLLAR,"17,648.95","17,418.50",2019-01-09,22
2,"23,315.57",CHF,SWISS FRANCE,"23,834.48","23,490.14",2019-01-09,22
3,,DKK,DANISH KRONE,"3,616.63","3,506.71",2019-01-09,22
4,"26,360.43",EUR,EURO,"27,135.90","26,449.82",2019-01-09,22
5,"29,195.31",GBP,BRITISH POUND,"29,693.16","29,401.26",2019-01-09,22
6,"2,901.90",HKD,HONGKONG DOLLAR,"2,991.44","2,927.46",2019-01-09,22
7,,INR,INDIAN RUPEE,343.23,330.27,2019-01-09,22
8,196.91,JPY,JAPANESE YEN,219.22,204.00,2019-01-09,22
9,19.11,KRW,SOUTH KOREAN WON,21.27,20.13,2019-01-09,22
10,,KWD,KUWAITI DINAR,"79,431.35","76,432.34",2019-01-09,22
11,,MYR,MALAYSIAN RINGGIT,"5,675.77","5,603.23",2019-01-09,22
12,,NOK,NORWEGIAN KRONER,"2,765.14","2,681.10",2019-01-09,22
13,,SEK,SWEDISH KRONA,"2,637.26","2,572.50",2019-01-09,22
14,"16,860.10",SGD,SINGAPORE DOLLAR,"17,204.92","16,989.16",2019-01-09,22
15,660.26,THB,THAI BAHT,789.88,685.26,2019-01-09,22
16,"23,135.00",USD,US DOLLAR,"23,250.00","23,155.00",2019-01-09,22
0,"16,303.54",AUD,AUST.DOLLAR,"16,742.79","16,402.56",2019-01-09,81
1,"17,176.33",CAD,CANADIAN DOLLAR,"17,683.63","17,333.23",2019-01-09,81
2,"23,243.19",CHF,SWISS FRANCE,"23,872.05","23,407.74",2019-01-09,81
3,,DKK,DANISH KRONE,"3,638.24","3,468.28",2019-01-09,81
4,"26,156.94",EUR,EURO,"27,217.74","26,276.37",2019-01-09,81
5,"29,102.01",GBP,BRITISH POUND,"29,790.44","29,338.22",2019-01-09,81
6,"2,876.94",HKD,HONGKONG DOLLAR,"3,001.48","2,897.50",2019-01-09,81
7,,INR,INDIAN RUPEE,469.00,448.00,2019-01-09,81
8,200.81,JPY,JAPANESE YEN,221.34,204.89,2019-01-09,81
9,,KRW,SOUTH KOREAN WON,22.04,19.40,2019-01-09,81
10,,KWD,KUWAITI DINAR,"76,523.00","74,005.40",2019-01-09,81
11,,MYR,MALAYSIAN RINGGIT,"6,895.00","6,710.06",2019-01-09,81
12,,NOK,NORWEGIAN KRONER,"2,784.79","2,640.76",2019-01-09,81
13,,SEK,SWEDISH KRONA,"2,654.12","2,539.32",2019-01-09,81
14,"16,792.59",SGD,SINGAPORE DOLLAR,"17,257.46","16,911.67",2019-01-09,81
15,,THB,THAI BAHT,749.65,700.03,2019-01-09,81
16,"23,130.00",USD,US DOLLAR,"23,250.00","23,140.00",2019-01-09,81
0,"16,403.54",AUD,AUST.DOLLAR,"16,682.79","16,502.56",2019-01-09,102
1,"17,276.33",CAD,CANADIAN DOLLAR,"17,623.63","17,433.23",2019-01-09,102
2,"23,343.19",CHF,SWISS FRANCE,"23,812.05","23,507.74",2019-01-09,102
3,,DKK,DANISH KRONE,"3,618.24","3,508.28",2019-01-09,102
4,"26,396.94",EUR,EURO,"27,137.74","26,476.37",2019-01-09,102
5,"29,252.01",GBP,BRITISH POUND,"29,720.44","29,458.22",2019-01-09,102
6,"2,916.94",HKD,HONGKONG DOLLAR,"2,981.48","2,937.50",2019-01-09,102
7,,INR,INDIAN RUPEE,340.94,328.07,2019-01-09,102
8,205.81,JPY,JAPANESE YEN,214.34,207.89,2019-01-09,102
9,19.38,KRW,SOUTH KOREAN WON,21.04,20.40,2019-01-09,102
10,,KWD,KUWAITI DINAR,"79,352.73","76,356.69",2019-01-09,102
11,,MYR,MALAYSIAN RINGGIT,"5,681.29","5,608.68",2019-01-09,102
12,,NOK,NORWEGIAN KRONER,"2,764.79","2,680.76",2019-01-09,102
13,,SEK,SWEDISH KRONA,"2,639.12","2,574.32",2019-01-09,102
14,"16,892.59",SGD,SINGAPORE DOLLAR,"17,197.46","17,011.67",2019-01-09,102
15,710.03,THB,THAI BAHT,739.65,710.03,2019-01-09,102
16,"23,155.00",USD,US DOLLAR,"23,245.00","23,155.00",2019-01-09,102
0,"16,371.00",AUD,AUST.DOLLAR,"16,725.00","16,470.00",2019-01-09,101
1,"17,242.00",CAD,CANADIAN DOLLAR,"17,628.00","17,398.00",2019-01-09,101
2,"23,248.00",CHF,SWISS FRANCE,"23,817.00","23,365.00",2019-01-09,101
3,,DKK,DANISH KRONE,"3,618.00","3,488.00",2019-01-09,101
4,"26,211.00",EUR,EURO,"27,138.00","26,343.00",2019-01-09,101
5,"29,172.00",GBP,BRITISH POUND,"29,720.00","29,318.00",2019-01-09,101
6,"2,911.00",HKD,HONGKONG DOLLAR,"2,985.00","2,932.00",2019-01-09,101
7,198.81,JPY,JAPANESE YEN,215.19,202.89,2019-01-09,101
8,19.34,KRW,SOUTH KOREAN WON,21.58,20.36,2019-01-09,101
9,,NOK,NORWEGIAN KRONER,"2,765.00","2,661.00",2019-01-09,101
10,,SEK,SWEDISH KRONA,"2,643.00","2,554.00",2019-01-09,101
11,"16,859.00",SGD,SINGAPORE DOLLAR,"17,215.00","16,978.00",2019-01-09,101
12,635.00,THB,THAI BAHT,741.00,699.00,2019-01-09,101
13,"23,115.00",USD,US DOLLAR,"23,245.00","23,145.00",2019-01-09,101
0,"16,396.25",AUD,AUST.DOLLAR,"16,685.46","16,495.25",2019-01-09,80
1,"17,260.90",CAD,CANADIAN DOLLAR,"17,617.98","17,417.70",2019-01-09,80
2,"23,335.80",CHF,SWISS FRANCE,"23,814.63","23,500.34",2019-01-09,80
3,,DKK,DANISH KRONE,"3,620.52","3,500.64",2019-01-09,80
4,"26,371.21",EUR,EURO,"27,121.43","26,450.58",2019-01-09,80
5,"29,198.85",GBP,BRITISH POUND,"29,676.51","29,404.72",2019-01-09,80
6,"2,912.12",HKD,HONGKONG DOLLAR,"2,986.67","2,932.68",2019-01-09,80
7,,INR,INDIAN RUPEE,471.51,449.77,2019-01-09,80
8,205.43,JPY,JAPANESE YEN,214.24,207.02,2019-01-09,80
9,19.31,KRW,SOUTH KOREAN WON,20.97,20.33,2019-01-09,80
10,,KWD,KUWAITI DINAR,"55,013.53","53,924.15",2019-01-09,80
11,,MYR,MALAYSIAN RINGGIT,"6,839.28","6,689.39",2019-01-09,80
12,,NOK,NORWEGIAN KRONER,"2,767.94","2,673.97",2019-01-09,80
13,,SEK,SWEDISH KRONA,"2,641.10","2,566.37",2019-01-09,80
14,"16,876.39",SGD,SINGAPORE DOLLAR,"17,191.06","16,995.39",2019-01-09,80
15,690.26,THB,THAI BAHT,744.88,705.26,2019-01-09,80
16,"23,145.00",USD,US DOLLAR,"23,245.00","23,155.00",2019-01-09,80
0,"16,291.25",AUD,AUST.DOLLAR,"16,790.46","16,300.25",2019-01-09,75
1,"17,245.90",CAD,CANADIAN DOLLAR,"17,722.98","17,292.70",2019-01-09,75
2,"23,190.80",CHF,SWISS FRANCE,"23,849.63","23,225.34",2019-01-09,75
3,,DKK,DANISH KRONE,"3,620.52","3,475.64",2019-01-09,75
4,"26,246.21",EUR,EURO,"27,376.43","26,255.58",2019-01-09,75
5,"29,183.85",GBP,BRITISH POUND,"29,751.51","29,289.72",2019-01-09,75
6,,HKD,HONGKONG DOLLAR,"2,982.67","2,917.68",2019-01-09,75
7,196.93,JPY,JAPANESE YEN,224.24,199.02,2019-01-09,75
8,,NOK,NORWEGIAN KRONER,"2,772.94","2,608.97",2019-01-09,75
9,,SEK,SWEDISH KRONA,"2,646.10","2,541.37",2019-01-09,75
10,"16,861.39",SGD,SINGAPORE DOLLAR,"17,236.06","16,950.39",2019-01-09,75
11,,THB,THAI BAHT,749.88,690.26,2019-01-09,75
12,"23,100.00",USD,US DOLLAR,"23,255.00","23,105.00",2019-01-09,75
0,"16,393.54",AUD,AUST.DOLLAR,"16,687.79","16,497.56",2019-01-09,109
1,"17,266.33",CAD,CANADIAN DOLLAR,"17,628.63","17,428.23",2019-01-09,109
2,"23,333.19",CHF,SWISS FRANCE,"23,817.05","23,502.74",2019-01-09,109
3,,DKK,DANISH KRONE,"3,623.24","3,503.28",2019-01-09,109
4,"26,386.94",EUR,EURO,"27,142.74","26,471.37",2019-01-09,109
5,"29,242.01",GBP,BRITISH POUND,"29,725.44","29,453.22",2019-01-09,109
6,"2,906.94",HKD,HONGKONG DOLLAR,"2,986.48","2,932.50",2019-01-09,109
7,,INR,INDIAN RUPEE,340.94,328.07,2019-01-09,109
8,203.81,JPY,JAPANESE YEN,216.34,205.89,2019-01-09,109
9,19.38,KRW,SOUTH KOREAN WON,21.04,20.40,2019-01-09,109
10,,KWD,KUWAITI DINAR,"55,013.53","53,924.15",2019-01-09,109
11,,MYR,MALAYSIAN RINGGIT,"4,232.70","4,182.22",2019-01-09,109
12,,NOK,NORWEGIAN KRONER,"2,769.79","2,675.76",2019-01-09,109
13,,SEK,SWEDISH KRONA,"2,644.12","2,569.32",2019-01-09,109
14,"16,882.59",SGD,SINGAPORE DOLLAR,"17,202.46","17,006.67",2019-01-09,109
15,690.03,THB,THAI BAHT,744.65,705.03,2019-01-09,109
16,"23,145.00",USD,US DOLLAR,"23,245.00","23,155.00",2019-01-09,109
0,"16,221.89",AUD,AUST.DOLLAR,"16,701.45","16,321.02",2019-01-09,31
1,"17,081.55",CAD,CANADIAN DOLLAR,"17,628.95","17,238.50",2019-01-09,31
2,"23,145.57",CHF,SWISS FRANCE,"23,814.48","23,310.14",2019-01-09,31
3,,DKK,DANISH KRONE,"3,616.63","3,476.71",2019-01-09,31
4,"26,185.43",EUR,EURO,"27,125.90","26,314.82",2019-01-09,31
5,"28,915.31",GBP,BRITISH POUND,"29,683.16","29,221.26",2019-01-09,31
6,"2,876.90",HKD,HONGKONG DOLLAR,"2,981.44","2,907.46",2019-01-09,31
7,,INR,INDIAN RUPEE,343.23,330.27,2019-01-09,31
8,201.91,JPY,JAPANESE YEN,214.22,204.00,2019-01-09,31
9,19.36,KRW,SOUTH KOREAN WON,21.02,20.38,2019-01-09,31
10,,KWD,KUWAITI DINAR,"79,431.35","76,432.34",2019-01-09,31
11,,MYR,MALAYSIAN RINGGIT,"5,675.77","5,603.23",2019-01-09,31
12,,NOK,NORWEGIAN KRONER,"2,765.14","2,651.10",2019-01-09,31
13,,SAR,SAUDI RIAL,"6,412.62","6,170.50",2019-01-09,31
14,,SEK,SWEDISH KRONA,"2,637.26","2,542.50",2019-01-09,31
15,"16,690.10",SGD,SINGAPORE DOLLAR,"17,194.92","16,809.16",2019-01-09,31
16,705.26,THB,THAI BAHT,739.88,705.26,2019-01-09,31
17,"23,135.00",USD,US DOLLAR,"23,245.00","23,145.00",2019-01-09,31
0,"16,203.54",AUD,AUST.DOLLAR,"16,702.79","16,402.56",2019-01-09,65
1,"17,076.33",CAD,CANADIAN DOLLAR,"17,675.63","17,333.23",2019-01-09,65
2,"23,043.19",CHF,SWISS FRANCE,"23,862.05","23,357.74",2019-01-09,65
3,,DKK,DANISH KRONE,"3,618.24","3,498.28",2019-01-09,65
4,"26,196.94",EUR,EURO,"27,157.74","26,456.37",2019-01-09,65
5,"29,052.01",GBP,BRITISH POUND,"29,819.44","29,358.22",2019-01-09,65
6,"2,816.94",HKD,HONGKONG DOLLAR,"3,001.48","2,887.50",2019-01-09,65
7,,INR,INDIAN RUPEE,383.12,360.00,2019-01-09,65
8,203.36,JPY,JAPANESE YEN,215.44,206.73,2019-01-09,65
9,18.38,KRW,SOUTH KOREAN WON,22.04,19.40,2019-01-09,65
10,,KWD,KUWAITI DINAR,"79,352.73","75,956.69",2019-01-09,65
11,,MYR,MALAYSIAN RINGGIT,"5,681.29","5,558.68",2019-01-09,65
12,,NOK,NORWEGIAN KRONER,"2,764.79","2,669.76",2019-01-09,65
13,,SEK,SWEDISH KRONA,"2,639.12","2,559.32",2019-01-09,65
14,"16,692.59",SGD,SINGAPORE DOLLAR,"17,246.46","16,911.67",2019-01-09,65
15,700.03,THB,THAI BAHT,744.65,705.03,2019-01-09,65
16,"23,055.00",USD,US DOLLAR,"23,245.00","23,155.00",2019-01-09,65
0,"16,241.54",AUD,AUST.DOLLAR,"16,844.79","16,440.56",2019-01-09,27
1,"17,082.33",CAD,CANADIAN DOLLAR,"17,817.63","17,309.23",2019-01-09,27
2,"23,152.19",CHF,SWISS FRANCE,"24,003.05","23,403.74",2019-01-09,27
3,,DKK,DANISH KRONE,"3,658.24","3,468.28",2019-01-09,27
4,"26,286.94",EUR,EURO,"27,181.13","26,376.37",2019-01-09,27
5,"28,837.01",GBP,BRITISH POUND,"30,135.44","29,212.22",2019-01-09,27
6,"2,901.94",HKD,HONGKONG DOLLAR,"2,996.48","2,920.50",2019-01-09,27
7,,INR,INDIAN RUPEE,340.94,328.07,2019-01-09,27
8,203.81,JPY,JAPANESE YEN,217.34,205.89,2019-01-09,27
9,19.38,KRW,SOUTH KOREAN WON,21.04,19.40,2019-01-09,27
10,,KWD,KUWAITI DINAR,"79,352.73","76,356.69",2019-01-09,27
11,,MYR,MALAYSIAN RINGGIT,"5,681.29","5,606.68",2019-01-09,27
12,,NOK,NORWEGIAN KRONER,"2,764.79","2,678.76",2019-01-09,27
13,,SEK,SWEDISH KRONA,"2,639.12","2,571.32",2019-01-09,27
14,"16,772.59",SGD,SINGAPORE DOLLAR,"17,317.46","16,941.67",2019-01-09,27
15,705.03,THB,THAI BAHT,744.65,705.03,2019-01-09,27
16,"23,155.00",USD,US DOLLAR,"23,245.00","23,155.00",2019-01-09,27
0,"16,378.54",AUD,AUST.DOLLAR,"16,687.79","16,482.56",2019-01-09,14
1,"17,251.33",CAD,CANADIAN DOLLAR,"17,628.63","17,413.23",2019-01-09,14
2,"23,318.19",CHF,SWISS FRANCE,"23,817.05","23,487.74",2019-01-09,14
3,,DKK,DANISH KRONE,"3,623.24","3,498.28",2019-01-09,14
4,"26,346.94",EUR,EURO,"27,142.74","26,436.37",2019-01-09,14
5,"29,182.01",GBP,BRITISH POUND,"29,725.44","29,408.22",2019-01-09,14
6,"2,906.94",HKD,HONGKONG DOLLAR,"2,986.48","2,927.50",2019-01-09,14
7,,INR,INDIAN RUPEE,389.44,372.73,2019-01-09,14
8,195.81,JPY,JAPANESE YEN,219.34,197.89,2019-01-09,14
9,18.38,KRW,SOUTH KOREAN WON,22.04,19.40,2019-01-09,14
10,,KWD,KUWAITI DINAR,"79,352.73","76,356.69",2019-01-09,14
11,,MYR,MALAYSIAN RINGGIT,"5,681.29","5,608.68",2019-01-09,14
12,,NOK,NORWEGIAN KRONER,"2,769.79","2,670.76",2019-01-09,14
13,,SEK,SWEDISH KRONA,"2,644.12","2,564.32",2019-01-09,14
14,"16,867.59",SGD,SINGAPORE DOLLAR,"17,202.46","16,991.67",2019-01-09,14
15,700.03,THB,THAI BAHT,744.65,700.03,2019-01-09,14
16,"23,135.00",USD,US DOLLAR,"23,245.00","23,155.00",2019-01-09,14
0,"16,371.00",AUD,AUST.DOLLAR,"16,721.00","16,471.00",2019-01-09,77
1,"17,231.00",CAD,CANADIAN DOLLAR,"17,648.00","17,388.00",2019-01-09,77
2,"23,300.00",CHF,SWISS FRANCE,"23,834.00","23,460.00",2019-01-09,77
3,,DKK,DANISH KRONE,"3,618.00","3,504.00",2019-01-09,77
4,"26,335.00",EUR,EURO,"27,157.00","26,414.00",2019-01-09,77
5,"29,165.00",GBP,BRITISH POUND,"29,703.00","29,371.00",2019-01-09,77
6,"2,915.00",HKD,HONGKONG DOLLAR,"2,983.00","2,935.00",2019-01-09,77
7,,INR,INDIAN RUPEE,371.92,357.11,2019-01-09,77
8,205.00,JPY,JAPANESE YEN,216.00,207.00,2019-01-09,77
9,19.00,KRW,SOUTH KOREAN WON,23.00,23.00,2019-01-09,77
10,,KWD,KUWAITI DINAR,"55,988.96","54,846.00",2019-01-09,77
11,,MYR,MALAYSIAN RINGGIT,"4,601.85","4,544.12",2019-01-09,77
12,,NOK,NORWEGIAN KRONER,"2,767.00","2,679.00",2019-01-09,77
13,,SEK,SWEDISH KRONA,"2,639.00","2,570.00",2019-01-09,77
14,"16,840.00",SGD,SINGAPORE DOLLAR,"17,214.00","16,959.00",2019-01-09,77
15,708.00,THB,THAI BAHT,742.00,708.00,2019-01-09,77
16,"23,145.00",USD,US DOLLAR,"23,250.00","23,150.00",2019-01-09,77
0,"16,243.54",AUD,AUST.DOLLAR,"16,692.79","16,442.56",2019-01-09,43
1,"17,116.33",CAD,CANADIAN DOLLAR,"17,633.63","17,373.23",2019-01-09,43
2,"23,183.19",CHF,SWISS FRANCE,"23,822.05","23,447.74",2019-01-09,43
3,,DKK,DANISH KRONE,"3,648.24","3,478.28",2019-01-09,43
4,"26,236.94",EUR,EURO,"27,147.74","26,416.37",2019-01-09,43
5,"29,092.01",GBP,BRITISH POUND,"29,730.44","29,398.22",2019-01-09,43
6,"2,886.94",HKD,HONGKONG DOLLAR,"3,011.48","2,907.50",2019-01-09,43
7,204.81,JPY,JAPANESE YEN,215.34,206.89,2019-01-09,43
8,19.38,KRW,SOUTH KOREAN WON,21.04,20.40,2019-01-09,43
9,,KWD,KUWAITI DINAR,"79,452.73","76,256.69",2019-01-09,43
10,,NOK,NORWEGIAN KRONER,"2,794.79","2,650.76",2019-01-09,43
11,,SEK,SWEDISH KRONA,"2,669.12","2,544.32",2019-01-09,43
12,"16,732.59",SGD,SINGAPORE DOLLAR,"17,207.46","16,951.67",2019-01-09,43
13,442.49,THB,THAI BAHT,465.43,446.96,2019-01-09,43
14,"23,145.00",USD,US DOLLAR,"23,245.00","23,155.00",2019-01-09,43
0,"16,403.00",AUD,AUST.DOLLAR,"16,725.00","16,502.00",2019-01-09,33
1,"17,276.00",CAD,CANADIAN DOLLAR,"17,629.00","17,376.00",2019-01-09,33
2,"23,348.00",CHF,SWISS FRANCE,"23,817.00","23,465.00",2019-01-09,33
3,,DEM,DEUTSCHE MARK,"10,514.00","10,429.00",2019-01-09,33
4,,DKK,DANISH KRONE,"3,623.00","3,491.00",2019-01-09,33
5,"26,311.00",EUR,EURO,"27,140.00","26,443.00",2019-01-09,33
6,,FRF,FRENCH FRANC,"3,135.00","3,109.00",2019-01-09,33
7,"29,230.00",GBP,BRITISH POUND,"29,730.00","29,377.00",2019-01-09,33
8,"2,911.00",HKD,HONGKONG DOLLAR,"2,995.00","2,926.00",2019-01-09,33
9,,INR,INDIAN RUPEE,348.90,335.72,2019-01-09,33
10,204.81,JPY,JAPANESE YEN,215.34,206.89,2019-01-09,33
11,,KRW,SOUTH KOREAN WON,21.58,19.65,2019-01-09,33
12,,KWD,KUWAITI DINAR,"77,151.29","74,236.97",2019-01-09,33
13,,MYR,MALAYSIAN RINGGIT,"5,158.49","5,092.47",2019-01-09,33
14,,NOK,NORWEGIAN KRONER,"2,770.00","2,665.00",2019-01-09,33
15,,SEK,SWEDISH KRONA,"2,643.00","2,552.00",2019-01-09,33
16,"16,909.00",SGD,SINGAPORE DOLLAR,"17,215.00","16,994.00",2019-01-09,33
17,645.00,THB,THAI BAHT,745.00,709.00,2019-01-09,33
18,"23,125.00",USD,US DOLLAR,"23,245.00","23,155.00",2019-01-09,33
0,"16,403.54",AUD,AUST.DOLLAR,"16,682.79","16,502.56",2019-01-09,51
1,"17,276.33",CAD,CANADIAN DOLLAR,"17,623.63","17,433.23",2019-01-09,51
2,"23,343.19",CHF,SWISS FRANCE,"23,812.05","23,507.74",2019-01-09,51
3,,DEM,DEUTSCHE MARK,"10,936.00","10,842.00",2019-01-09,51
4,,DKK,DANISH KRONE,"3,618.24","3,508.28",2019-01-09,51
5,"26,396.94",EUR,EURO,"27,137.74","26,476.37",2019-01-09,51
6,,FRF,FRENCH FRANC,"3,261.00","3,233.00",2019-01-09,51
7,"29,252.01",GBP,BRITISH POUND,"29,720.44","29,458.22",2019-01-09,51
8,"2,916.94",HKD,HONGKONG DOLLAR,"2,981.48","2,937.50",2019-01-09,51
9,,INR,INDIAN RUPEE,340.94,328.07,2019-01-09,51
10,205.81,JPY,JAPANESE YEN,214.34,207.89,2019-01-09,51
11,19.38,KRW,SOUTH KOREAN WON,21.04,20.40,2019-01-09,51
12,,KWD,KUWAITI DINAR,"79,352.73","76,356.69",2019-01-09,51
13,,MYR,MALAYSIAN RINGGIT,"5,681.29","5,608.68",2019-01-09,51
14,,NOK,NORWEGIAN KRONER,"2,764.79","2,680.76",2019-01-09,51
15,,SEK,SWEDISH KRONA,"2,639.12","2,574.32",2019-01-09,51
16,"16,892.59",SGD,SINGAPORE DOLLAR,"17,197.46","17,011.67",2019-01-09,51
17,710.03,THB,THAI BAHT,739.65,710.03,2019-01-09,51
18,"23,155.00",USD,US DOLLAR,"23,245.00","23,155.00",2019-01-09,51
0,"16,378.54",AUD,AUST.DOLLAR,"16,687.79","16,482.56",2019-01-09,1
1,"17,251.33",CAD,CANADIAN DOLLAR,"17,628.63","17,413.23",2019-01-09,1
2,"23,318.19",CHF,SWISS FRANCE,"23,817.05","23,487.74",2019-01-09,1
3,,DKK,DANISH KRONE,"3,618.24","3,508.28",2019-01-09,1
4,"26,371.94",EUR,EURO,"27,142.74","26,456.37",2019-01-09,1
5,"29,227.01",GBP,BRITISH POUND,"29,725.44","29,438.22",2019-01-09,1
6,"2,912.94",HKD,HONGKONG DOLLAR,"2,985.48","2,933.50",2019-01-09,1
7,,INR,INDIAN RUPEE,340.94,328.07,2019-01-09,1
8,200.81,JPY,JAPANESE YEN,214.34,207.39,2019-01-09,1
9,19.13,KRW,SOUTH KOREAN WON,21.29,20.15,2019-01-09,1
10,,KWD,KUWAITI DINAR,"79,352.73","76,356.69",2019-01-09,1
11,,MYR,MALAYSIAN RINGGIT,"5,681.29","5,608.68",2019-01-09,1
12,,NOK,NORWEGIAN KRONER,"2,764.79","2,680.76",2019-01-09,1
13,,RUB,RUSSIAN RUBLE,384.55,345.11,2019-01-09,1
14,,SEK,SWEDISH KRONA,"2,639.12","2,574.32",2019-01-09,1
15,"16,867.59",SGD,SINGAPORE DOLLAR,"17,202.46","16,991.67",2019-01-09,1
16,710.03,THB,THAI BAHT,739.65,710.03,2019-01-09,1
17,"23,125.00",USD,US DOLLAR,"23,245.00","23,155.00",2019-01-09,1
0,"16,378.54",AUD,AUST.DOLLAR,"16,692.79","16,482.56",2019-01-09,94
1,"17,251.33",CAD,CANADIAN DOLLAR,"17,633.63","17,413.23",2019-01-09,94
2,"23,318.19",CHF,SWISS FRANCE,"23,822.05","23,487.74",2019-01-09,94
3,,DKK,DANISH KRONE,"3,618.24","3,508.28",2019-01-09,94
4,"26,371.94",EUR,EURO,"27,147.74","26,456.37",2019-01-09,94
5,"29,227.01",GBP,BRITISH POUND,"29,730.44","29,438.22",2019-01-09,94
6,"2,911.94",HKD,HONGKONG DOLLAR,"2,986.48","2,932.50",2019-01-09,94
7,,INR,INDIAN RUPEE,340.94,328.07,2019-01-09,94
8,200.81,JPY,JAPANESE YEN,214.84,206.89,2019-01-09,94
9,19.38,KRW,SOUTH KOREAN WON,21.04,20.40,2019-01-09,94
10,,KWD,KUWAITI DINAR,"79,352.73","76,356.69",2019-01-09,94
11,,MYR,MALAYSIAN RINGGIT,"5,681.29","5,608.68",2019-01-09,94
12,,NOK,NORWEGIAN KRONER,"2,764.79","2,680.76",2019-01-09,94
13,,RUB,RUSSIAN RUBLE,657.86,537.99,2019-01-09,94
14,,SEK,SWEDISH KRONA,"2,639.12","2,574.32",2019-01-09,94
15,"16,867.59",SGD,SINGAPORE DOLLAR,"17,207.46","16,991.67",2019-01-09,94
16,705.03,THB,THAI BAHT,744.65,705.03,2019-01-09,94
17,"23,145.00",USD,US DOLLAR,"23,245.00","23,155.00",2019-01-09,94
0,"16,283.54",AUD,AUST.DOLLAR,"16,717.79","16,402.56",2019-01-09,32
1,"17,156.33",CAD,CANADIAN DOLLAR,"17,658.63","17,333.23",2019-01-09,32
2,"23,223.19",CHF,SWISS FRANCE,"23,832.05","23,407.74",2019-01-09,32
3,,DKK,DANISH KRONE,"3,618.24","3,448.28",2019-01-09,32
4,"26,276.94",EUR,EURO,"27,172.74","26,376.37",2019-01-09,32
5,"29,132.01",GBP,BRITISH POUND,"29,755.44","29,358.22",2019-01-09,32
6,"2,896.94",HKD,HONGKONG DOLLAR,"2,981.48","2,917.50",2019-01-09,32
7,,INR,INDIAN RUPEE,340.94,328.07,2019-01-09,32
8,195.81,JPY,JAPANESE YEN,224.34,202.89,2019-01-09,32
9,9.38,KRW,SOUTH KOREAN WON,26.04,15.40,2019-01-09,32
10,,KWD,KUWAITI DINAR,"79,352.73","76,356.69",2019-01-09,32
11,,MYR,MALAYSIAN RINGGIT,"5,681.29","5,608.68",2019-01-09,32
12,,NOK,NORWEGIAN KRONER,"2,764.79","2,620.76",2019-01-09,32
13,,SEK,SWEDISH KRONA,"2,639.12","2,514.32",2019-01-09,32
14,"16,772.59",SGD,SINGAPORE DOLLAR,"17,217.46","16,911.67",2019-01-09,32
15,660.03,THB,THAI BAHT,739.65,670.03,2019-01-09,32
16,"23,145.00",USD,US DOLLAR,"23,250.00","23,150.00",2019-01-09,32
0,"16,421.89",AUD,AUST.DOLLAR,"16,725.00","16,520.00",2019-01-09,46
1,"17,281.55",CAD,CANADIAN DOLLAR,"17,628.95","17,376.00",2019-01-09,46
2,"23,345.57",CHF,SWISS FRANCE,"23,817.00","23,465.00",2019-01-09,46
3,,DEM,DEUTSCHE MARK,"10,802.00","10,704.00",2019-01-09,46
4,,DKK,DANISH KRONE,"3,618.00","3,491.00",2019-01-09,46
5,"26,311.00",EUR,EURO,"26,772.00","26,443.00",2019-01-09,46
6,,FRF,FRENCH FRANC,"3,221.00","3,192.00",2019-01-09,46
7,"29,215.31",GBP,BRITISH POUND,"29,713.00","29,377.00",2019-01-09,46
8,"2,916.90",HKD,HONGKONG DOLLAR,"2,985.00","2,936.00",2019-01-09,46
9,320.00,INR,INDIAN RUPEE,320.00,320.00,2019-01-09,46
10,206.91,JPY,JAPANESE YEN,215.19,209.00,2019-01-09,46
11,18.47,KRW,SOUTH KOREAN WON,21.58,19.65,2019-01-09,46
12,,NOK,NORWEGIAN KRONER,"2,765.14","2,665.00",2019-01-09,46
13,,SEK,SWEDISH KRONA,"2,643.00","2,552.00",2019-01-09,46
14,"16,890.10",SGD,SINGAPORE DOLLAR,"17,215.00","16,994.00",2019-01-09,46
15,645.00,THB,THAI BAHT,741.00,709.00,2019-01-09,46
16,"23,135.00",USD,US DOLLAR,"23,245.00","23,155.00",2019-01-09,46
0,"16,437.00",AUD,AUST.DOLLAR,"16,725.00","16,520.00",2019-01-09,44
1,"17,289.00",CAD,CANADIAN DOLLAR,"17,628.00","17,376.00",2019-01-09,44
2,"23,348.00",CHF,SWISS FRANCE,"23,817.00","23,465.00",2019-01-09,44
3,"7,415.00",DEM,DEUTSCHE MARK,"10,645.00","10,564.00",2019-01-09,44
4,,DKK,DANISH KRONE,"3,618.00","3,491.00",2019-01-09,44
5,"26,311.00",EUR,EURO,"26,772.00","26,443.00",2019-01-09,44
6,,FRF,FRENCH FRANC,"3,162.00","3,135.00",2019-01-09,44
7,"29,230.00",GBP,BRITISH POUND,"29,713.00","29,377.00",2019-01-09,44
8,"2,921.00",HKD,HONGKONG DOLLAR,"2,985.00","2,936.00",2019-01-09,44
9,320.00,INR,INDIAN RUPEE,320.00,320.00,2019-01-09,44
10,210.11,JPY,JAPANESE YEN,215.19,211.17,2019-01-09,44
11,,NOK,NORWEGIAN KRONER,"2,763.00","2,665.00",2019-01-09,44
12,,SEK,SWEDISH KRONA,"2,643.00","2,552.00",2019-01-09,44
13,"16,909.00",SGD,SINGAPORE DOLLAR,"17,215.00","16,994.00",2019-01-09,44
14,645.00,THB,THAI BAHT,741.00,709.00,2019-01-09,44
15,"23,125.00",USD,US DOLLAR,"23,245.00","23,155.00",2019-01-09,44
0,"16,403.54",AUD,AUST.DOLLAR,"16,682.79","16,502.56",2019-01-09,37
1,"17,276.33",CAD,CANADIAN DOLLAR,"17,623.63","17,433.23",2019-01-09,37
2,"23,343.19",CHF,SWISS FRANCE,"23,812.05","23,507.74",2019-01-09,37
3,,DEM,DEUTSCHE MARK,"10,936.00","10,842.00",2019-01-09,37
4,,DKK,DANISH KRONE,"3,618.24","3,508.28",2019-01-09,37
5,"26,396.94",EUR,EURO,"27,137.74","26,476.37",2019-01-09,37
6,,FRF,FRENCH FRANC,"3,261.00","3,233.00",2019-01-09,37
7,"29,252.01",GBP,BRITISH POUND,"29,720.44","29,458.22",2019-01-09,37
8,"2,916.94",HKD,HONGKONG DOLLAR,"2,981.48","2,937.50",2019-01-09,37
9,,INR,INDIAN RUPEE,340.94,328.07,2019-01-09,37
10,205.81,JPY,JAPANESE YEN,214.34,207.89,2019-01-09,37
11,19.38,KRW,SOUTH KOREAN WON,21.04,20.40,2019-01-09,37
12,,KWD,KUWAITI DINAR,"79,352.73","76,356.69",2019-01-09,37
13,,MYR,MALAYSIAN RINGGIT,"5,681.29","5,608.68",2019-01-09,37
14,,NOK,NORWEGIAN KRONER,"2,764.79","2,680.76",2019-01-09,37
15,,SEK,SWEDISH KRONA,"2,639.12","2,574.32",2019-01-09,37
16,"16,892.59",SGD,SINGAPORE DOLLAR,"17,197.46","17,011.67",2019-01-09,37
17,710.03,THB,THAI BAHT,739.65,710.03,2019-01-09,37
18,"23,155.00",USD,US DOLLAR,"23,245.00","23,155.00",2019-01-09,37
0,"16,321.00",AUD,AUST.DOLLAR,"16,711.00","16,421.00",2019-01-09,39
1,"17,181.00",CAD,CANADIAN DOLLAR,"17,638.00","17,338.00",2019-01-09,39
2,"23,195.00",CHF,SWISS FRANCE,"23,824.00","23,360.00",2019-01-09,39
3,,DKK,DANISH KRONE,"3,621.00","3,481.00",2019-01-09,39
4,"26,235.00",EUR,EURO,"27,135.00","26,314.00",2019-01-09,39
5,"29,065.00",GBP,BRITISH POUND,"29,693.00","29,271.00",2019-01-09,39
6,"2,891.00",HKD,HONGKONG DOLLAR,"2,986.00","2,912.00",2019-01-09,39
7,"9,000.00",INR,INDIAN RUPEE,"9,000.00","9,000.00",2019-01-09,39
8,201.91,JPY,JAPANESE YEN,219.22,204.00,2019-01-09,39
9,,KWD,KUWAITI DINAR,"79,436.00","76,427.00",2019-01-09,39
10,,NOK,NORWEGIAN KRONER,"2,770.00","2,656.00",2019-01-09,39
11,,SEK,SWEDISH KRONA,"2,642.00","2,547.00",2019-01-09,39
12,"16,790.00",SGD,SINGAPORE DOLLAR,"17,204.00","16,909.00",2019-01-09,39
13,660.00,THB,THAI BAHT,749.00,660.00,2019-01-09,39
14,"23,135.00",USD,US DOLLAR,"23,245.00","23,155.00",2019-01-09,39
0,"16,373.54",AUD,AUST.DOLLAR,"16,687.79","16,492.56",2019-01-09,99
1,"17,246.33",CAD,CANADIAN DOLLAR,"17,633.63","17,423.23",2019-01-09,99
2,"23,323.19",CHF,SWISS FRANCE,"23,817.05","23,497.74",2019-01-09,99
3,,DKK,DANISH KRONE,"3,623.24","3,468.28",2019-01-09,99
4,"26,376.94",EUR,EURO,"27,142.74","26,466.37",2019-01-09,99
5,"29,242.01",GBP,BRITISH POUND,"29,725.44","29,453.22",2019-01-09,99
6,"2,906.94",HKD,HONGKONG DOLLAR,"2,991.48","2,934.50",2019-01-09,99
7,,INR,INDIAN RUPEE,340.94,328.07,2019-01-09,99
8,205.61,JPY,JAPANESE YEN,214.54,207.69,2019-01-09,99
9,14.38,KRW,SOUTH KOREAN WON,26.04,16.40,2019-01-09,99
10,,KWD,KUWAITI DINAR,"79,352.73","76,356.69",2019-01-09,99
11,,MYR,MALAYSIAN RINGGIT,"5,711.29","5,538.68",2019-01-09,99
12,,NOK,NORWEGIAN KRONER,"2,769.79","2,675.76",2019-01-09,99
13,,RUB,RUSSIAN RUBLE,647.25,529.32,2019-01-09,99
14,,SEK,SWEDISH KRONA,"2,649.12","2,564.32",2019-01-09,99
15,"16,882.59",SGD,SINGAPORE DOLLAR,"17,202.46","17,006.67",2019-01-09,99
16,690.03,THB,THAI BAHT,749.65,700.03,2019-01-09,99
17,"23,140.00",USD,US DOLLAR,"23,245.00","23,155.00",2019-01-09,99
0,"16,376.25",AUD,AUST.DOLLAR,"16,685.46","16,480.25",2019-01-09,70
1,"17,240.90",CAD,CANADIAN DOLLAR,"17,617.98","17,402.70",2019-01-09,70
2,"23,315.80",CHF,SWISS FRANCE,"23,814.63","23,485.34",2019-01-09,70
3,,DEM,DEUTSCHE MARK,"10,850.00","10,755.00",2019-01-09,70
4,,DKK,DANISH KRONE,"3,615.52","3,505.64",2019-01-09,70
5,"26,351.21",EUR,EURO,"27,121.43","26,435.58",2019-01-09,70
6,,FRF,FRENCH FRANC,"3,268.00","3,240.00",2019-01-09,70
7,"29,178.85",GBP,BRITISH POUND,"29,676.51","29,389.72",2019-01-09,70
8,"2,913.12",HKD,HONGKONG DOLLAR,"2,985.67","2,933.68",2019-01-09,70
9,,INR,INDIAN RUPEE,343.11,330.15,2019-01-09,70
10,201.93,JPY,JAPANESE YEN,214.24,208.52,2019-01-09,70
11,,KRW,SOUTH KOREAN WON,21.22,20.08,2019-01-09,70
12,,KWD,KUWAITI DINAR,"79,431.35","76,432.34",2019-01-09,70
13,,MYR,MALAYSIAN RINGGIT,"5,679.91","5,607.32",2019-01-09,70
14,,NOK,NORWEGIAN KRONER,"2,762.94","2,678.97",2019-01-09,70
15,,SEK,SWEDISH KRONA,"2,636.10","2,571.37",2019-01-09,70
16,"16,856.39",SGD,SINGAPORE DOLLAR,"17,191.06","16,980.39",2019-01-09,70
17,710.26,THB,THAI BAHT,739.88,710.26,2019-01-09,70
18,"23,125.00",USD,US DOLLAR,"23,245.00","23,155.00",2019-01-09,70
0,"16,403.54",AUD,AUST.DOLLAR,"16,682.79","16,502.56",2019-01-09,17
1,"17,276.33",CAD,CANADIAN DOLLAR,"17,623.63","17,433.23",2019-01-09,17
2,"23,343.19",CHF,SWISS FRANCE,"23,812.05","23,507.74",2019-01-09,17
3,,DEM,DEUTSCHE MARK,"10,645.00","10,564.00",2019-01-09,17
4,,DKK,DANISH KRONE,"3,618.24","3,508.28",2019-01-09,17
5,"26,396.94",EUR,EURO,"27,137.74","26,476.37",2019-01-09,17
6,,FRF,FRENCH FRANC,"3,174.00","3,150.00",2019-01-09,17
7,"29,252.01",GBP,BRITISH POUND,"29,720.44","29,458.22",2019-01-09,17
8,"2,916.94",HKD,HONGKONG DOLLAR,"2,981.48","2,937.50",2019-01-09,17
9,320.00,INR,INDIAN RUPEE,320.00,320.00,2019-01-09,17
10,205.81,JPY,JAPANESE YEN,214.34,207.89,2019-01-09,17
11,,NOK,NORWEGIAN KRONER,"2,764.79","2,680.76",2019-01-09,17
12,,SEK,SWEDISH KRONA,"2,639.12","2,574.32",2019-01-09,17
13,"16,892.59",SGD,SINGAPORE DOLLAR,"17,197.46","17,011.67",2019-01-09,17
14,710.03,THB,THAI BAHT,739.65,710.03,2019-01-09,17
15,"23,155.00",USD,US DOLLAR,"23,245.00","23,155.00",2019-01-09,17
0,"16,388.00",AUD,AUST.DOLLAR,"16,697.00","16,487.00",2019-01-09,21
1,"17,261.00",CAD,CANADIAN DOLLAR,"17,638.00","17,420.00",2019-01-09,21
2,"23,330.00",CHF,SWISS FRANCE,"23,827.00","23,492.00",2019-01-09,21
3,,DKK,DANISH KRONE,"3,623.00","3,504.00",2019-01-09,21
4,"26,381.00",EUR,EURO,"27,152.00","26,462.00",2019-01-09,21
5,,FIM,FINNISH MARK,"2,203.80","2,173.22",2019-01-09,21
6,"2,451.45",FRF,FRENCH FRANC,"2,451.45","2,451.45",2019-01-09,21
7,"29,237.00",GBP,BRITISH POUND,"29,735.00","29,444.00",2019-01-09,21
8,,HKD,HONGKONG DOLLAR,"2,985.00","2,933.00",2019-01-09,21
9,,INR,INDIAN RUPEE,342.00,327.00,2019-01-09,21
10,,ITL,ITALIAN LIRA,6.77,6.68,2019-01-09,21
11,204.00,JPY,JAPANESE YEN,216.00,206.00,2019-01-09,21
12,19.38,KRW,SOUTH KOREAN WON,21.04,20.40,2019-01-09,21
13,,KWD,KUWAITI DINAR,"79,367.00","76,341.00",2019-01-09,21
14,,MYR,MALAYSIAN RINGGIT,"5,685.00","5,604.00",2019-01-09,21
15,,NLG,DUTCH GUILDE,"5,945.98","5,863.48",2019-01-09,21
16,,NOK,NORWEGIAN KRONER,"2,769.00","2,676.00",2019-01-09,21
17,,SEK,SWEDISH KRONA,"2,644.00","2,570.00",2019-01-09,21
18,"16,877.00",SGD,SINGAPORE DOLLAR,"17,212.00","16,996.00",2019-01-09,21
19,,THB,THAI BAHT,741.00,709.00,2019-01-09,21
20,"23,150.00",USD,US DOLLAR,"23,245.00","23,155.00",2019-01-09,21
0,"16,388.54",AUD,AUST.DOLLAR,"16,697.79","16,492.56",2019-01-09,82
1,"17,251.33",CAD,CANADIAN DOLLAR,"17,633.63","17,418.23",2019-01-09,82
2,"23,303.19",CHF,SWISS FRANCE,"23,827.05","23,477.74",2019-01-09,82
3,,DKK,DANISH KRONE,"3,633.24","3,488.28",2019-01-09,82
4,"26,366.94",EUR,EURO,"27,167.74","26,456.37",2019-01-09,82
5,"29,242.01",GBP,BRITISH POUND,"29,730.44","29,458.22",2019-01-09,82
6,"2,906.94",HKD,HONGKONG DOLLAR,"2,991.48","2,937.50",2019-01-09,82
7,,INR,INDIAN RUPEE,370.94,278.07,2019-01-09,82
8,204.81,JPY,JAPANESE YEN,214.84,206.89,2019-01-09,82
9,18.88,KRW,SOUTH KOREAN WON,21.79,19.90,2019-01-09,82
10,,KWD,KUWAITI DINAR,"79,382.73","76,306.69",2019-01-09,82
11,,MYR,MALAYSIAN RINGGIT,"5,691.29","5,588.68",2019-01-09,82
12,,NOK,NORWEGIAN KRONER,"2,794.79","2,640.76",2019-01-09,82
13,,SEK,SWEDISH KRONA,"2,649.12","2,559.32",2019-01-09,82
14,"16,852.59",SGD,SINGAPORE DOLLAR,"17,202.46","17,006.67",2019-01-09,82
15,670.03,THB,THAI BAHT,749.65,695.03,2019-01-09,82
16,"23,140.00",USD,US DOLLAR,"23,245.00","23,155.00",2019-01-09,82
0,"16,378.54",AUD,AUST.DOLLAR,"16,687.79","16,482.56",2019-01-09,49
1,"17,251.33",CAD,CANADIAN DOLLAR,"17,628.63","17,413.23",2019-01-09,49
2,"23,318.19",CHF,SWISS FRANCE,"23,817.05","23,487.74",2019-01-09,49
3,,DEM,DEUTSCHE MARK,"7,631.17","7,525.08",2019-01-09,49
4,,DKK,DANISH KRONE,"3,618.24","3,508.28",2019-01-09,49
5,"26,371.94",EUR,EURO,"27,142.74","26,456.37",2019-01-09,49
6,,FRF,FRENCH FRANC,"2,275.34","2,243.71",2019-01-09,49
7,"29,227.01",GBP,BRITISH POUND,"29,725.44","29,438.22",2019-01-09,49
8,"2,912.94",HKD,HONGKONG DOLLAR,"2,985.48","2,933.50",2019-01-09,49
9,,INR,INDIAN RUPEE,340.94,328.07,2019-01-09,49
10,200.81,JPY,JAPANESE YEN,214.34,206.89,2019-01-09,49
11,19.38,KRW,SOUTH KOREAN WON,21.04,20.40,2019-01-09,49
12,,KWD,KUWAITI DINAR,"79,352.73","76,356.69",2019-01-09,49
13,,MYR,MALAYSIAN RINGGIT,"5,681.29","5,608.68",2019-01-09,49
14,,NOK,NORWEGIAN KRONER,"2,764.79","2,680.76",2019-01-09,49
15,,SAR,SAUDI RIAL,"6,412.45","6,170.34",2019-01-09,49
16,,SEK,SWEDISH KRONA,"2,639.12","2,574.32",2019-01-09,49
17,"16,867.59",SGD,SINGAPORE DOLLAR,"17,202.46","16,991.67",2019-01-09,49
18,710.03,THB,THAI BAHT,739.65,710.03,2019-01-09,49
19,"23,150.00",USD,US DOLLAR,"23,245.00","23,155.00",2019-01-09,49
0,"16,378.54",AUD,AUST.DOLLAR,"16,687.79","16,482.56",2019-01-09,45
1,"17,251.33",CAD,CANADIAN DOLLAR,"17,628.63","17,413.23",2019-01-09,45
2,"23,318.19",CHF,SWISS FRANCE,"23,817.05","23,487.74",2019-01-09,45
3,,DKK,DANISH KRONE,"3,618.24","3,508.28",2019-01-09,45
4,"26,371.94",EUR,EURO,"27,142.74","26,456.37",2019-01-09,45
5,,FRF,FRENCH FRANC,"2,275.34","2,243.71",2019-01-09,45
6,"29,227.01",GBP,BRITISH POUND,"29,725.44","29,438.22",2019-01-09,45
7,"2,912.94",HKD,HONGKONG DOLLAR,"2,985.48","2,933.50",2019-01-09,45
8,,INR,INDIAN RUPEE,340.94,328.07,2019-01-09,45
9,200.81,JPY,JAPANESE YEN,214.34,207.39,2019-01-09,45
10,19.13,KRW,SOUTH KOREAN WON,21.29,20.15,2019-01-09,45
11,,KWD,KUWAITI DINAR,"79,352.73","76,356.69",2019-01-09,45
12,,MYR,MALAYSIAN RINGGIT,"5,681.29","5,608.68",2019-01-09,45
13,,NOK,NORWEGIAN KRONER,"2,764.79","2,680.76",2019-01-09,45
14,,SEK,SWEDISH KRONA,"2,639.12","2,574.32",2019-01-09,45
15,"16,867.59",SGD,SINGAPORE DOLLAR,"17,202.46","16,991.67",2019-01-09,45
16,710.03,THB,THAI BAHT,739.65,710.03,2019-01-09,45
17,"23,135.00",USD,US DOLLAR,"23,245.00","23,155.00",2019-01-09,45
0,"16,353.54",AUD,AUST.DOLLAR,"16,782.79","16,402.56",2019-01-09,78
1,"17,176.33",CAD,CANADIAN DOLLAR,"17,723.63","17,333.23",2019-01-09,78
2,"23,243.19",CHF,SWISS FRANCE,"23,912.05","23,407.74",2019-01-09,78
3,,DKK,DANISH KRONE,"3,668.24","3,458.28",2019-01-09,78
4,"26,276.94",EUR,EURO,"27,237.74","26,376.37",2019-01-09,78
5,"29,152.01",GBP,BRITISH POUND,"29,820.44","29,358.22",2019-01-09,78
6,"2,866.94",HKD,HONGKONG DOLLAR,"3,031.48","2,887.50",2019-01-09,78
7,,INR,INDIAN RUPEE,380.94,288.07,2019-01-09,78
8,200.81,JPY,JAPANESE YEN,219.34,202.89,2019-01-09,78
9,19.38,KRW,SOUTH KOREAN WON,21.04,20.40,2019-01-09,78
10,,KWD,KUWAITI DINAR,"79,452.73","76,156.69",2019-01-09,78
11,,MYR,MALAYSIAN RINGGIT,"5,781.29","5,558.68",2019-01-09,78
12,,NOK,NORWEGIAN KRONER,"2,814.79","2,630.76",2019-01-09,78
13,,RUB,RUSSIAN RUBLE,679.56,554.83,2019-01-09,78
14,,SEK,SWEDISH KRONA,"2,669.12","2,544.32",2019-01-09,78
15,"16,792.59",SGD,SINGAPORE DOLLAR,"17,297.46","16,911.67",2019-01-09,78
16,640.03,THB,THAI BAHT,809.65,640.03,2019-01-09,78
17,"23,145.00",USD,US DOLLAR,"23,245.00","23,155.00",2019-01-09,78
0,"16,373.54",AUD,AUST.DOLLAR,"16,692.79","16,477.56",2019-01-09,71
1,"17,246.33",CAD,CANADIAN DOLLAR,"17,638.63","17,408.23",2019-01-09,71
2,"23,313.19",CHF,SWISS FRANCE,"23,827.05","23,482.74",2019-01-09,71
3,,DEM,DEUTSCHE MARK,"7,631.17","7,525.08",2019-01-09,71
4,,DKK,DANISH KRONE,"3,625.24","3,498.28",2019-01-09,71
5,"26,366.94",EUR,EURO,"27,147.74","26,456.37",2019-01-09,71
6,,FRF,FRENCH FRANC,"2,275.34","2,243.71",2019-01-09,71
7,"29,222.01",GBP,BRITISH POUND,"29,735.44","29,433.22",2019-01-09,71
8,"2,908.94",HKD,HONGKONG DOLLAR,"2,989.48","2,929.50",2019-01-09,71
9,,INR,INDIAN RUPEE,316.00,303.00,2019-01-09,71
10,198.81,JPY,JAPANESE YEN,214.85,204.89,2019-01-09,71
11,19.38,KRW,SOUTH KOREAN WON,21.04,20.40,2019-01-09,71
12,,KWD,KUWAITI DINAR,"64,622.47","63,031.46",2019-01-09,71
13,,NOK,NORWEGIAN KRONER,"2,769.79","2,675.76",2019-01-09,71
14,,SEK,SWEDISH KRONA,"2,644.12","2,569.32",2019-01-09,71
15,"16,862.59",SGD,SINGAPORE DOLLAR,"17,212.46","16,986.67",2019-01-09,71
16,700.03,THB,THAI BAHT,744.65,705.03,2019-01-09,71
17,"23,155.00",USD,US DOLLAR,"23,245.00","23,155.00",2019-01-09,71
0,,ATS,SCHILING AUSTRIA,971.00,924.00,2019-01-09,38
1,"16,378.54",AUD,AUST.DOLLAR,"16,692.79","16,482.56",2019-01-09,38
2,,BEF,BELGIAN FRANCE,331.00,315.00,2019-01-09,38
3,"17,251.33",CAD,CANADIAN DOLLAR,"17,633.63","17,413.23",2019-01-09,38
4,"23,318.19",CHF,SWISS FRANCE,"23,822.05","23,487.74",2019-01-09,38
5,,DEM,DEUTSCHE MARK,"6,760.00","6,697.00",2019-01-09,38
6,,DKK,DANISH KRONE,"3,622.24","3,504.28",2019-01-09,38
7,"26,371.94",EUR,EURO,"27,147.74","26,456.37",2019-01-09,38
8,,FIM,FINNISH MARK,"2,246.00","2,160.00",2019-01-09,38
9,,FRF,FRENCH FRANC,"2,016.00","1,997.00",2019-01-09,38
10,"29,227.01",GBP,BRITISH POUND,"29,730.44","29,438.22",2019-01-09,38
11,"2,912.94",HKD,HONGKONG DOLLAR,"2,985.48","2,933.50",2019-01-09,38
12,,INR,INDIAN RUPEE,356.18,341.41,2019-01-09,38
13,,ITL,ITALIAN LIRA,6.90,6.57,2019-01-09,38
14,205.31,JPY,JAPANESE YEN,214.84,207.39,2019-01-09,38
15,19.38,KRW,SOUTH KOREAN WON,21.29,20.15,2019-01-09,38
16,,KWD,KUWAITI DINAR,"75,021.89","73,362.55",2019-01-09,38
17,,MYR,MALAYSIAN RINGGIT,"6,667.00","6,571.91",2019-01-09,38
18,,NLG,DUTCH GUILDE,"6,060.00","5,827.00",2019-01-09,38
19,,NOK,NORWEGIAN KRONER,"2,768.79","2,676.76",2019-01-09,38
20,,SEK,SWEDISH KRONA,"2,643.12","2,570.32",2019-01-09,38
21,"16,867.59",SGD,SINGAPORE DOLLAR,"17,207.46","16,991.67",2019-01-09,38
22,706.03,THB,THAI BAHT,743.65,706.03,2019-01-09,38
23,"23,125.00",USD,US DOLLAR,"23,245.00","23,155.00",2019-01-09,38
0,"16,393.00",AUD,AUST.DOLLAR,"16,692.00","16,492.00",2019-01-09,26
1,"17,266.00",CAD,CANADIAN DOLLAR,"17,633.00","17,423.00",2019-01-09,26
2,"23,333.00",CHF,SWISS FRANCE,"23,822.00","23,497.00",2019-01-09,26
3,,DEM,DEUTSCHE MARK,"10,645.00","10,564.00",2019-01-09,26
4,,DKK,DANISH KRONE,"3,623.00","3,503.00",2019-01-09,26
5,"26,386.00",EUR,EURO,"27,147.00","26,466.00",2019-01-09,26
6,,FRF,FRENCH FRANC,"3,174.00","3,150.00",2019-01-09,26
7,"29,242.00",GBP,BRITISH POUND,"29,730.00","29,448.00",2019-01-09,26
8,"2,911.00",HKD,HONGKONG DOLLAR,"2,986.00","2,932.00",2019-01-09,26
9,320.00,INR,INDIAN RUPEE,320.00,320.00,2019-01-09,26
10,205.61,JPY,JAPANESE YEN,214.54,207.69,2019-01-09,26
11,,NOK,NORWEGIAN KRONER,"2,769.00","2,675.00",2019-01-09,26
12,,SEK,SWEDISH KRONA,"2,644.00","2,569.00",2019-01-09,26
13,"16,882.00",SGD,SINGAPORE DOLLAR,"17,207.00","17,001.00",2019-01-09,26
14,705.00,THB,THAI BAHT,744.00,705.00,2019-01-09,26
15,"23,125.00",USD,US DOLLAR,"23,245.00","23,155.00",2019-01-09,26
0,"16,403.54",AUD,AUST.DOLLAR,"16,682.79","16,502.56",2019-01-09,67
1,"17,276.33",CAD,CANADIAN DOLLAR,"17,623.63","17,433.23",2019-01-09,67
2,"23,343.19",CHF,SWISS FRANCE,"23,812.05","23,507.74",2019-01-09,67
3,,DEM,DEUTSCHE MARK,"10,850.00","10,755.00",2019-01-09,67
4,,DKK,DANISH KRONE,"3,618.24","3,508.28",2019-01-09,67
5,"26,396.94",EUR,EURO,"27,137.74","26,476.37",2019-01-09,67
6,,FRF,FRENCH FRANC,"3,268.00","3,240.00",2019-01-09,67
7,"29,252.01",GBP,BRITISH POUND,"29,720.44","29,458.22",2019-01-09,67
8,"2,916.94",HKD,HONGKONG DOLLAR,"2,981.48","2,937.50",2019-01-09,67
9,320.00,INR,INDIAN RUPEE,320.00,320.00,2019-01-09,67
10,205.81,JPY,JAPANESE YEN,214.34,207.89,2019-01-09,67
11,19.38,KRW,SOUTH KOREAN WON,21.04,20.40,2019-01-09,67
12,,NOK,NORWEGIAN KRONER,"2,764.79","2,680.76",2019-01-09,67
13,,SEK,SWEDISH KRONA,"2,639.12","2,574.32",2019-01-09,67
14,"16,892.59",SGD,SINGAPORE DOLLAR,"17,197.46","17,011.67",2019-01-09,67
15,710.03,THB,THAI BAHT,739.65,710.03,2019-01-09,67
16,"23,145.00",USD,US DOLLAR,"23,245.00","23,155.00",2019-01-09,67
0,"16,437.00",AUD,AUST.DOLLAR,"16,725.00","16,520.00",2019-01-09,7
1,"17,289.00",CAD,CANADIAN DOLLAR,"17,628.00","17,376.00",2019-01-09,7
2,"23,348.00",CHF,SWISS FRANCE,"23,817.00","23,465.00",2019-01-09,7
3,,DEM,DEUTSCHE MARK,"10,645.00","10,564.00",2019-01-09,7
4,,DKK,DANISH KRONE,"3,618.00","3,491.00",2019-01-09,7
5,"26,311.00",EUR,EURO,"26,772.00","26,443.00",2019-01-09,7
6,,FRF,FRENCH FRANC,"3,174.00","3,150.00",2019-01-09,7
7,"29,230.00",GBP,BRITISH POUND,"29,713.00","29,377.00",2019-01-09,7
8,"2,921.00",HKD,HONGKONG DOLLAR,"2,985.00","2,936.00",2019-01-09,7
9,320.00,INR,INDIAN RUPEE,320.00,320.00,2019-01-09,7
10,210.11,JPY,JAPANESE YEN,215.19,211.17,2019-01-09,7
11,18.47,KRW,SOUTH KOREAN WON,21.58,19.65,2019-01-09,7
12,,NOK,NORWEGIAN KRONER,"2,763.00","2,665.00",2019-01-09,7
13,,SEK,SWEDISH KRONA,"2,643.00","2,552.00",2019-01-09,7
14,"16,909.00",SGD,SINGAPORE DOLLAR,"17,215.00","16,994.00",2019-01-09,7
15,645.00,THB,THAI BAHT,741.00,709.00,2019-01-09,7
16,"23,125.00",USD,US DOLLAR,"23,245.00","23,155.00",2019-01-09,7
0,"16,254.00",AUD,AUST.DOLLAR,"16,783.00","16,353.00",2019-01-09,74
1,"17,126.00",CAD,CANADIAN DOLLAR,"17,724.00","17,283.00",2019-01-09,74
2,"23,193.00",CHF,SWISS FRANCE,"23,812.00","23,358.00",2019-01-09,74
3,,DKK,DANISH KRONE,"3,618.00","3,458.00",2019-01-09,74
4,"26,247.00",EUR,EURO,"27,238.00","26,326.00",2019-01-09,74
5,"29,102.00",GBP,BRITISH POUND,"29,820.00","29,308.00",2019-01-09,74
6,"2,897.00",HKD,HONGKONG DOLLAR,"2,981.00","2,918.00",2019-01-09,74
7,,INR,INDIAN RUPEE,341.00,328.00,2019-01-09,74
8,195.81,JPY,JAPANESE YEN,219.34,197.89,2019-01-09,74
9,19.38,KRW,SOUTH KOREAN WON,21.04,20.40,2019-01-09,74
10,,KWD,KUWAITI DINAR,"79,353.00","76,357.00",2019-01-09,74
11,,MYR,MALAYSIAN RINGGIT,"5,681.00","5,609.00",2019-01-09,74
12,,NOK,NORWEGIAN KRONER,"2,765.00","2,631.00",2019-01-09,74
13,,SEK,SWEDISH KRONA,"2,639.00","2,524.00",2019-01-09,74
14,"16,743.00",SGD,SINGAPORE DOLLAR,"17,297.00","16,862.00",2019-01-09,74
15,650.00,THB,THAI BAHT,751.00,650.00,2019-01-09,74
16,"23,025.00",USD,US DOLLAR,"23,245.00","23,155.00",2019-01-09,74
0,,ATS,SCHILING AUSTRIA,969.13,955.69,2019-01-09,86
1,"16,403.54",AUD,AUST.DOLLAR,"16,682.79","16,502.56",2019-01-09,86
2,"17,276.33",CAD,CANADIAN DOLLAR,"17,623.63","17,433.23",2019-01-09,86
3,"23,343.19",CHF,SWISS FRANCE,"23,812.05","23,507.74",2019-01-09,86
4,,DKK,DANISH KRONE,"3,618.24","3,508.28",2019-01-09,86
5,"26,396.94",EUR,EURO,"27,137.74","26,476.37",2019-01-09,86
6,"1,990.77",FRF,FRENCH FRANC,"2,033.00","2,004.80",2019-01-09,86
7,"29,252.01",GBP,BRITISH POUND,"29,720.44","29,458.22",2019-01-09,86
8,"2,916.94",HKD,HONGKONG DOLLAR,"2,981.48","2,937.50",2019-01-09,86
9,,INR,INDIAN RUPEE,340.94,328.07,2019-01-09,86
10,205.81,JPY,JAPANESE YEN,214.34,207.89,2019-01-09,86
11,19.38,KRW,SOUTH KOREAN WON,21.04,20.40,2019-01-09,86
12,,KWD,KUWAITI DINAR,"79,352.73","76,356.69",2019-01-09,86
13,,MYR,MALAYSIAN RINGGIT,"5,681.29","5,608.68",2019-01-09,86
14,,NOK,NORWEGIAN KRONER,"2,764.79","2,680.76",2019-01-09,86
15,,SEK,SWEDISH KRONA,"2,639.12","2,574.32",2019-01-09,86
16,"16,892.59",SGD,SINGAPORE DOLLAR,"17,197.46","17,011.67",2019-01-09,86
17,710.03,THB,THAI BAHT,739.65,710.03,2019-01-09,86
18,"23,155.00",USD,US DOLLAR,"23,245.00","23,155.00",2019-01-09,86
0,"16,206.00",AUD,AUST.DOLLAR,"16,688.00","16,305.00",2019-01-09,79
1,"17,080.00",CAD,CANADIAN DOLLAR,"17,629.00","17,237.00",2019-01-09,79
2,"23,140.00",CHF,SWISS FRANCE,"23,817.00","23,305.00",2019-01-09,79
3,,DKK,DANISH KRONE,"3,623.00","3,455.00",2019-01-09,79
4,"26,201.00",EUR,EURO,"27,143.00","26,280.00",2019-01-09,79
5,"29,053.00",GBP,BRITISH POUND,"29,725.00","29,259.00",2019-01-09,79
6,"2,867.00",HKD,HONGKONG DOLLAR,"2,986.00","2,887.00",2019-01-09,79
7,196.00,JPY,JAPANESE YEN,219.00,199.00,2019-01-09,79
8,,KWD,KUWAITI DINAR,"79,358.00","76,157.00",2019-01-09,79
9,,NOK,NORWEGIAN KRONER,"2,770.00","2,628.00",2019-01-09,79
10,,SEK,SWEDISH KRONA,"2,644.00","2,521.00",2019-01-09,79
11,"16,696.00",SGD,SINGAPORE DOLLAR,"17,202.00","16,815.00",2019-01-09,79
12,700.00,THB,THAI BAHT,745.00,705.00,2019-01-09,79
13,"23,135.00",USD,US DOLLAR,"23,245.00","23,150.00",2019-01-09,79
0,"16,401.54",AUD,AUST.DOLLAR,"16,687.79","16,497.56",2019-01-09,36
1,"17,274.33",CAD,CANADIAN DOLLAR,"17,628.63","17,428.23",2019-01-09,36
2,"23,341.19",CHF,SWISS FRANCE,"23,817.05","23,502.74",2019-01-09,36
3,,DKK,DANISH KRONE,"3,623.24","3,503.28",2019-01-09,36
4,"26,394.94",EUR,EURO,"27,142.74","26,471.37",2019-01-09,36
5,"29,250.01",GBP,BRITISH POUND,"29,725.44","29,453.22",2019-01-09,36
6,"2,914.94",HKD,HONGKONG DOLLAR,"2,986.48","2,932.50",2019-01-09,36
7,,INR,INDIAN RUPEE,340.94,328.07,2019-01-09,36
8,203.81,JPY,JAPANESE YEN,216.34,205.89,2019-01-09,36
9,19.38,KRW,SOUTH KOREAN WON,21.04,20.40,2019-01-09,36
10,,KWD,KUWAITI DINAR,"55,013.53","53,924.15",2019-01-09,36
11,,MYR,MALAYSIAN RINGGIT,"4,232.70","4,182.22",2019-01-09,36
12,,NOK,NORWEGIAN KRONER,"2,769.79","2,675.76",2019-01-09,36
13,,SEK,SWEDISH KRONA,"2,644.12","2,569.32",2019-01-09,36
14,"16,890.59",SGD,SINGAPORE DOLLAR,"17,202.46","17,006.67",2019-01-09,36
15,690.03,THB,THAI BAHT,744.65,705.03,2019-01-09,36
16,"23,145.00",USD,US DOLLAR,"23,245.00","23,155.00",2019-01-09,36
0,,ATS,SCHILING AUSTRIA,982.40,958.77,2019-01-09,8
1,"16,363.54",AUD,AUST.DOLLAR,"16,682.79","16,482.56",2019-01-09,8
2,,BEF,BELGIAN FRANCE,335.11,320.46,2019-01-09,8
3,"17,236.33",CAD,CANADIAN DOLLAR,"17,623.63","17,413.23",2019-01-09,8
4,"23,303.19",CHF,SWISS FRANCE,"23,812.05","23,487.74",2019-01-09,8
5,"6,663.23",DEM,DEUTSCHE MARK,"6,792.92","6,691.00",2019-01-09,8
6,,DKK,DANISH KRONE,"3,618.24","3,488.28",2019-01-09,8
7,"26,356.94",EUR,EURO,"27,137.74","26,456.37",2019-01-09,8
8,,FIM,FINNISH MARK,"2,273.60","2,232.05",2019-01-09,8
9,"1,986.74",FRF,FRENCH FRANC,"2,025.41","1,995.02",2019-01-09,8
10,"29,212.01",GBP,BRITISH POUND,"29,720.44","29,438.22",2019-01-09,8
11,"2,908.94",HKD,HONGKONG DOLLAR,"2,981.48","2,933.50",2019-01-09,8
12,,INR,INDIAN RUPEE,340.94,328.07,2019-01-09,8
13,,ITL,ITALIAN LIRA,6.98,6.75,2019-01-09,8
14,203.81,JPY,JAPANESE YEN,214.34,206.89,2019-01-09,8
15,19.38,KRW,SOUTH KOREAN WON,21.04,20.40,2019-01-09,8
16,,KWD,KUWAITI DINAR,"79,352.73","76,356.69",2019-01-09,8
17,,MYR,MALAYSIAN RINGGIT,"5,681.29","5,608.68",2019-01-09,8
18,,NLG,DUTCH GUILDE,"6,134.29","6,039.17",2019-01-09,8
19,,NOK,NORWEGIAN KRONER,"2,764.79","2,660.76",2019-01-09,8
20,,SEK,SWEDISH KRONA,"2,639.12","2,554.32",2019-01-09,8
21,"16,862.59",SGD,SINGAPORE DOLLAR,"17,197.46","16,991.67",2019-01-09,8
22,670.03,THB,THAI BAHT,739.65,690.03,2019-01-09,8
23,"23,125.00",USD,US DOLLAR,"23,245.00","23,145.00",2019-01-09,8
0,"16,391.25",AUD,AUST.DOLLAR,"16,685.46","16,495.25",2019-01-09,112
1,"17,255.90",CAD,CANADIAN DOLLAR,"17,617.98","17,417.70",2019-01-09,112
2,"23,330.80",CHF,SWISS FRANCE,"23,814.63","23,500.34",2019-01-09,112
3,,DKK,DANISH KRONE,"3,620.52","3,500.64",2019-01-09,112
4,"26,366.21",EUR,EURO,"27,121.43","26,450.58",2019-01-09,112
5,"29,193.85",GBP,BRITISH POUND,"29,676.51","29,404.72",2019-01-09,112
6,"2,907.12",HKD,HONGKONG DOLLAR,"2,986.67","2,932.68",2019-01-09,112
7,,INR,INDIAN RUPEE,343.11,330.15,2019-01-09,112
8,204.93,JPY,JAPANESE YEN,216.24,207.02,2019-01-09,112
9,19.31,KRW,SOUTH KOREAN WON,20.97,20.33,2019-01-09,112
10,,KWD,KUWAITI DINAR,"55,013.53","53,924.15",2019-01-09,112
11,,MYR,MALAYSIAN RINGGIT,"4,232.70","4,182.22",2019-01-09,112
12,,NOK,NORWEGIAN KRONER,"2,767.94","2,673.97",2019-01-09,112
13,,SEK,SWEDISH KRONA,"2,641.10","2,566.37",2019-01-09,112
14,"16,871.39",SGD,SINGAPORE DOLLAR,"17,191.06","16,995.39",2019-01-09,112
15,690.26,THB,THAI BAHT,744.88,705.26,2019-01-09,112
16,"23,145.00",USD,US DOLLAR,"23,245.00","23,155.00",2019-01-09,112
